           1  -3.6888237179561267       0.92570739617541720     
           2  -3.6868639469333266       0.92445276426822709     
           3  -3.6733046247413852       0.91980716354917147     
           4  -3.5752487400416375       0.90259288659190973     
           5  -2.7429439651364653       0.84891459768001798     
           6  -1.8959856521670462       0.76192842766966828     
           7  -1.5943623030018175       0.73231729866314110     
           8  -1.6076520691917573       0.73066607131533046     
           9  -1.6995369614050966       0.72929597770015575     
          10  -1.8069259844619379       0.72779178931457245     
          11  -1.9185213610205532       0.72641320760407613     
          12  -2.0333896336743793       0.72518502982100741     
          13  -2.1528835270500686       0.72409089470096477     
          14  -2.2804552378117235       0.72311076770871141     
          15  -2.4227661643878742       0.72222628312871950     
          16  -2.5953467408036355       0.72142117349968882     
          17  -2.8624677706321044       0.72068101008101981     
          18  -3.3054017936484685       0.71999288086209867     
          19  -3.1195627189746755       0.71934509379687206     
          20  -2.9798086748576296       0.71872691307806380     
          21  -2.8669731604944464       0.71812832461626253     
          22  -2.7677278141051445       0.71753982501848457     
          23  -2.6778805824170506       0.71695222759636734     
          24  -2.5937971806931501       0.71635647795983515     
          25  -2.5152980554885835       0.71574347025496043     
          26  -2.4398835880458964       0.71510385283371214     
          27  -2.3675479674389259       0.71442780875921030     
          28  -2.2973546221329308       0.71370479156601974     
          29  -2.2292558108613472       0.71292318939328436     
          30  -2.1621459228306210       0.71206987988814285     
          31  -2.0971042404088664       0.71112962238008115     
          32  -2.0324647488751477       0.71008420983401854     
          33  -1.9680841717272755       0.70891126598374432     
          34  -1.9038533314849670       0.70758251394126104     
          35  -1.8396271108152773       0.70606124529399594     
          36  -1.7702518909774385       0.70429855298020805     
          37  -1.7085994859288145       0.70222759876749130     
          38  -1.6409011529005948       0.69975465074462417     
          39  -1.5710517204663601       0.69674460698349783     
          40  -1.4984921533419675       0.69299669620263826     
          41  -1.4222672338261186       0.68820182537319408     
          42  -1.3413796949758421       0.68186377552875965     
          43  -1.2543591874010316       0.67314496566250026     
          44  -1.1595627191036799       0.66054545087064542     
          45  -1.0552616036049640       0.64119859086809339     
          46 -0.93813306316405021       0.60934626202688080     
          47 -0.80894633033141405       0.55440282470980551     
          48 -0.63958265445324691       0.47582792403292795     
          49 -0.37567338962280394       0.42792918884018366     
          50 -0.29663745314581613       0.40142799103489823     
          51 -0.26091213537016267       0.38380636310702454     
          52 -0.24042107196685092       0.37044270979392729     
          53 -0.22743775523760970       0.35867613664295106     
          54 -0.21896433344720881       0.34719801157399094     
          55 -0.21397464300384780       0.33522022465801904     
          56 -0.21211363750287904       0.32207933733842814     
          57 -0.21381953385421179       0.30703015702947156     
          58 -0.22026920482070395       0.28908237887476668     
          59 -0.23540006242020953       0.26685583400098523     
          60 -0.27383575010040262       0.23860390401551190     
          61 -0.35367486212885851       0.20361679074285707     
          62 -0.28369873039639831       0.16969567001648506     
          63 -0.24284352822884323       0.15471880761781123     
          64 -0.22902214419274705       0.15235126578637628     
          65 -0.22677121529976216       0.15069622874622418     
          66 -0.22721484767250902       0.14867287724456113     
          67 -0.22863775012072160       0.14662558021210073     
          68 -0.22915021618117701       0.14467298127144729     
          69 -0.22812099878750616       0.14283516076296171     
          70 -0.22737735500506873       0.14110827514396562     
          71 -0.22788889225449099       0.13948450067257265     
          72 -0.22823656108458926       0.13795647403287317     
          73 -0.22918824070026242       0.13651795153505877     
          74 -0.22993981644158654       0.13516362650697791     
          75 -0.23066449474421985       0.13388881760842289     
          76 -0.23124392852886760       0.13268919613593527     
          77 -0.23132693977283200       0.13156058617941974     
          78 -0.23157789106948834       0.13049883699752390     
          79 -0.23133946204793035       0.12949975723948443     
          80 -0.23097936189159388       0.12855909771700780     
          81 -0.23061604865371504       0.12767256903050414     
          82 -0.22976944873195976       0.12683588132616713     
          83 -0.22929279137564160       0.12604479528905196     
          84 -0.22894242598845610       0.12529517575897620     
          85 -0.22865928821615944       0.12458304174161321     
          86 -0.22825864080569100       0.12390460880850993     
          87 -0.22867282137347431       0.12325632176667907     
          88 -0.22906573349839046       0.12263487695294750     
          89 -0.22988056773621324       0.12203723456399568     
          90 -0.23151210651803503       0.12146062211114467     
          91 -0.23304068506275216       0.12090253045540268     
          92 -0.23490823342989212       0.12036070400719230     
          93 -0.23485320050888320       0.11983312663725101     
          94 -0.23306419252566779       0.11931800470138133     
          95 -0.23253040147342846       0.11881374838047837     
          96 -0.23295902257334547       0.11831895231465096     
          97 -0.23266338256386235       0.11783237629068025     
          98 -0.23135380480106585       0.11735292654112579     
          99 -0.22887998412294575       0.11687963803911051     
         100 -0.22633271685671696       0.11641165802838364     
         101 -0.22394597371732944       0.11594823091328109     
         102 -0.22192834819031149       0.11548868454522372     
         103 -0.22098162058126244       0.11503241787783039     
         104 -0.22011117634954219       0.11457888991764112     
         105 -0.21989478430878970       0.11412760986784831     
         106 -0.21976692888673802       0.11367812834479274     
         107 -0.21979245932179267       0.11323002953804444     
         108 -0.21938835897410608       0.11278292418208255     
         109 -0.21820124898795862       0.11233644320867524     
         110 -0.21640075231251871       0.11189023195231697     
         111 -0.21456978506043398       0.11144394478516502     
         112 -0.21211952350171762       0.11099724006165661     
         113 -0.21005258431981344       0.11054977525562036     
         114 -0.20827400253736786       0.11010120217337074     
         115 -0.20682357546295571       0.10965116212440396     
         116 -0.20578163666769267       0.10919928092617240     
         117 -0.20507748791838326       0.10874516361026784     
         118 -0.20487974250026753       0.10828838868323973     
         119 -0.20428192464930495       0.10782850177502412     
         120 -0.20346897943439893       0.10736500847991717     
         121 -0.20253206713789693       0.10689736615689180     
         122 -0.20141169150022498       0.10642497440446939     
         123 -0.20046423647690009       0.10594716385528874     
         124 -0.19897411962483219       0.10546318283886984     
         125 -0.19739674451743264       0.10497218132441351     
         126 -0.19588797416001796       0.10447319135471314     
         127 -0.19436255593548932       0.10396510287169454     
         128 -0.19227755926915696       0.10344663332184240     
         129 -0.19054919654097879       0.10291628852096922     
         130 -0.18818713747013086       0.10237231052173977     
         131 -0.18604009835051630       0.10181260467951510     
         132 -0.18288254841980978       0.10123463045649850     
         133 -0.17969990474520270       0.10063522337828626     
         134 -0.17751869292026901       0.10001027685183740     
         135 -0.17667631182740207        9.9354127916131380E-002
         136 -0.17785906940203822        9.8658327825176528E-002
         137 -0.17641288259139118        9.7909275033302698E-002
         138 -0.17142560038360646        9.7084403067505098E-002
         139 -0.16854317354002213        9.6148602131907637E-002
         140 -0.17083208168506250        9.5055795673908094E-002
         141 -0.16901863505834749       0.10246378574424303     
         142 -0.16869749501854198       0.10133680163114840     
         143 -0.16870351551849611       0.10100056142297043     
         144 -0.16878409903279534       0.10071095959555347     
         145 -0.16891962268043009       0.10041937070781573     
         146 -0.16911492926726168       0.10012561571835915     
         147 -0.16931988804034787        9.9832161709623363E-002
         148 -0.16976223379531086        9.9541050492458108E-002
         149 -0.16973053740631008        9.9253826542848228E-002
         150 -0.17003056263943103        9.8971645956411475E-002
         151 -0.17036654994237191        9.8695372321556327E-002
         152 -0.17060301046100626        9.8425650506745399E-002
         153 -0.17105998493377855        9.8162962559745270E-002
         154 -0.17141366210581707        9.7907670169995034E-002
         155 -0.17204362738836634        9.7660046504622358E-002
         156 -0.17263936725199625        9.7420296988160918E-002
         157 -0.17351415874186893        9.7188564318666931E-002
         158 -0.17422265744651894        9.6964914504287417E-002
         159 -0.17521155897800750        9.6749310145521100E-002
         160 -0.17618520359532966        9.6541553497413307E-002
         161 -0.17771302089178365        9.6341184624582257E-002
         162 -0.17900657051486593        9.6147484086261975E-002
         163 -0.17994838642752514        9.5959639622968940E-002
         164 -0.18063611576977284        9.5776878004609503E-002
         165 -0.18156476622122272        9.5598494532252734E-002
         166 -0.18157678391812360        9.5423843896842164E-002
         167 -0.18193611526876091        9.5252328879136136E-002
         168 -0.18125411558059329        9.5083393437834243E-002
         169 -0.18124917206180297        9.4916519338455935E-002
         170 -0.18092894907476409        9.4751224877202583E-002
         171 -0.18140070306757011        9.4587064669069576E-002
         172 -0.18263363822583681        9.4423629852398577E-002
         173 -0.18242292706955049        9.4260548319100509E-002
         174 -0.18205228224985134        9.4097484747107399E-002
         175 -0.18235316571290616        9.3934140322179990E-002
         176 -0.18163268000963811        9.3770252109076607E-002
         177 -0.18091140058563118        9.3605592079166480E-002
         178 -0.18147624632488846        9.3439965831355151E-002
         179 -0.18168051151667353        9.3273211062100722E-002
         180 -0.18259258578190257        9.3105195851079098E-002
         181 -0.18457522490528344        9.2935816832532478E-002
         182 -0.18664042273030401        9.2764997317314399E-002
         183 -0.18524695218445833        9.2592685417237836E-002
         184 -0.18376671665095135        9.2418852203897700E-002
         185 -0.18213779833554886        9.2243489913454935E-002
         186 -0.18101363093128944        9.2066610192618206E-002
         187 -0.17911643904674499        9.1888242372739085E-002
         188 -0.17713202174011491        9.1708431759533818E-002
         189 -0.17447190558688572        9.1527237932553851E-002
         190 -0.17225152397406723        9.1344733057637836E-002
         191 -0.16946855058694196        9.1161000223631050E-002
         192 -0.16748047602204053        9.0976131819586817E-002
         193 -0.16610709612861260        9.0790227970394252E-002
         194 -0.16404633140121563        9.0603395047490431E-002
         195 -0.16229735059149705        9.0415744268450518E-002
         196 -0.16069359616751777        9.0227390395540341E-002
         197 -0.15916041935616992        9.0038450539512621E-002
         198 -0.15770995787542891        8.9849043071531562E-002
         199 -0.15644687297994489        8.9659286643117175E-002
         200 -0.15528633588040577        8.9469299311660533E-002
