   4.0000000000000001E-002   0.0000000000000000       -3.7895777255402714       0.20196228235737854     
   8.0000000000000002E-002   0.0000000000000000       -3.1299331819423313       0.23287549753112097     
  0.12000000000000000        0.0000000000000000       -2.6781390954109567       0.24879116981856819     
  0.16000000000000000        0.0000000000000000       -2.4317744294122132       0.26867436514303983     
  0.20000000000000001        0.0000000000000000       -2.2035281451902420       0.22676947451148385     
  0.23999999999999999        0.0000000000000000       -1.9980493895673781       0.22721704194599779     
  0.28000000000000003        0.0000000000000000       -1.9341693304071581       0.23454034415124361     
  0.32000000000000001        0.0000000000000000       -1.8703729312337927       0.23402622513834725     
  0.35999999999999999        0.0000000000000000       -1.7080797315789837       0.24313585558296380     
  0.40000000000000002        0.0000000000000000       -1.6440265094214623       0.24996402150603672     
  0.44000000000000000        0.0000000000000000       -1.5429632816158132       0.23417833920682218     
  0.47999999999999998        0.0000000000000000       -1.5609537737247312       0.20489437603427130     
  0.52000000000000002        0.0000000000000000       -1.5121084834243304       0.20224719134586974     
  0.56000000000000005        0.0000000000000000       -1.4589926600627177       0.21213813586105543     
  0.59999999999999998        0.0000000000000000       -1.4359404467336669       0.19503454619031213     
  0.64000000000000001        0.0000000000000000       -1.3759750376259512       0.20645358866557753     
  0.68000000000000005        0.0000000000000000       -1.2763817407793436       0.21348509718533804     
  0.71999999999999997        0.0000000000000000       -1.3175815848682093       0.20998426127472911     
  0.76000000000000001        0.0000000000000000       -1.3331750123899355       0.16680655253903223     
  0.80000000000000004        0.0000000000000000       -1.2493158232086685       0.22112261101849676     
  0.83999999999999997        0.0000000000000000       -1.2063358911762005       0.15864631013290476     
  0.88000000000000000        0.0000000000000000       -1.2117531923754279       0.13388871666652744     
  0.92000000000000004        0.0000000000000000       -1.2323209398901114       0.20108926871397462     
  0.95999999999999996        0.0000000000000000       -1.1906105683293753       0.21612552956108810     
   1.0000000000000000        0.0000000000000000       -1.1031491996129639       0.26586880741672608     
   1.0400000000000000        0.0000000000000000       -1.1964416663270863       0.20817447863897562     
   1.0800000000000001        0.0000000000000000       -1.2344036030266572       0.22895526556704116     
   1.1200000000000001        0.0000000000000000       -1.1471980280447804       0.29209401021334813     
   1.1599999999999999        0.0000000000000000       -1.2077319741400419       0.29315165512389352     
   1.2000000000000000        0.0000000000000000       -1.1955198326582743       0.29276920061706213     
   1.2400000000000000        0.0000000000000000       -1.1086287563291335       0.38923704977237289     
   1.2800000000000000        0.0000000000000000      -0.96951242339216603       0.25345022786112648     
   1.3200000000000001        0.0000000000000000      -0.92320659077617628       0.43196505959943732     
   1.3600000000000001        0.0000000000000000       -1.1741037359547501       0.43590220783496209     
   1.4000000000000001        0.0000000000000000       -1.1108852028423131       0.42739715929851624     
   1.4399999999999999        0.0000000000000000       -1.0393855564358718       0.38205317685828266     
   1.4800000000000000        0.0000000000000000       -1.0104632243156906       0.33712248384591231     
   1.5200000000000000        0.0000000000000000      -0.97967557308294972       0.30228939347250783     
   1.5600000000000001        0.0000000000000000       -1.0474719748333412       0.42753253195052943     
   1.6000000000000001        0.0000000000000000       -1.1373047660309232       0.44226034906283307     
   1.6400000000000001        0.0000000000000000       -1.0596254541614007       0.41516076727505763     
   1.6799999999999999        0.0000000000000000       -1.2602531785928497       0.42327103433401025     
   1.7200000000000000        0.0000000000000000      -0.86330092038735229       0.48903020417981197     
   1.7600000000000000        0.0000000000000000      -0.92565344567011854       0.35016861666420734     
   1.8000000000000000        0.0000000000000000       -1.1193648128967446       0.46848713378651097     
   1.8400000000000001        0.0000000000000000      -0.93575260093522450       0.26620054693779982     
   1.8800000000000001        0.0000000000000000      -0.99544969052534438       0.48892814930113526     
   1.9199999999999999        0.0000000000000000      -0.89065411638683256       0.45472830578174056     
   1.9600000000000000        0.0000000000000000       -1.1377789199605488       0.42450575315499345     
   2.0000000000000000        0.0000000000000000      -0.88815851956086622       0.21286974747819246     
  
   4.0000000000000001E-002  0.20000000000000001       -3.8355016784434044       0.19744500399265555     
   8.0000000000000002E-002  0.20000000000000001       -3.1507866247431981       0.22584108739724140     
  0.12000000000000000       0.20000000000000001       -2.6772375911611626       0.22759968414290099     
  0.16000000000000000       0.20000000000000001       -2.4252974267703329       0.24658030809985096     
  0.20000000000000001       0.20000000000000001       -2.1920830803472353       0.26912172383751048     
  0.23999999999999999       0.20000000000000001       -1.9529436903714061       0.26475282987310128     
  0.28000000000000003       0.20000000000000001       -1.9091191763602178       0.26323160615449503     
  0.32000000000000001       0.20000000000000001       -1.8032683075896452       0.24002039277653553     
  0.35999999999999999       0.20000000000000001       -1.7446323564501609       0.23802995729941365     
  0.40000000000000002       0.20000000000000001       -1.6074277383977460       0.21620804763129930     
  0.44000000000000000       0.20000000000000001       -1.5432559324917863       0.18565597016908719     
  0.47999999999999998       0.20000000000000001       -1.4672249602131402       0.14886909125317777     
  0.52000000000000002       0.20000000000000001       -1.4486898312461114       0.13444484710493382     
  0.56000000000000005       0.20000000000000001       -1.3963347352356521       0.13456599220564422     
  0.59999999999999998       0.20000000000000001       -1.2946116748120269       0.12331732814645537     
  0.64000000000000001       0.20000000000000001       -1.2718658710492261       0.13374330559385578     
  0.68000000000000005       0.20000000000000001       -1.1519091081017816        9.2570634865985629E-002
  0.71999999999999997       0.20000000000000001       -1.1983824146388746       0.10489141455333405     
  0.76000000000000001       0.20000000000000001       -1.1634374153399480       0.12792540835879343     
  0.80000000000000004       0.20000000000000001       -1.1090096533341636       0.13844008859851994     
  0.83999999999999997       0.20000000000000001       -1.1008791621724179        9.5896289466472676E-002
  0.88000000000000000       0.20000000000000001       -1.0598218640613972       0.11260424270521206     
  0.92000000000000004       0.20000000000000001       -1.0131091035774769       0.16769357588064443     
  0.95999999999999996       0.20000000000000001       -1.0247275287453734       0.19432906388609766     
   1.0000000000000000       0.20000000000000001      -0.96070543674291808       0.16463572453125225     
   1.0400000000000000       0.20000000000000001       -1.0739704602922975       0.25504569428755330     
   1.0800000000000001       0.20000000000000001      -0.92806063390610904       0.16158031659640942     
   1.1200000000000001       0.20000000000000001      -0.98921840370580150       0.20547809331681047     
   1.1599999999999999       0.20000000000000001      -0.92175149196643924       0.14181089619204482     
   1.2000000000000000       0.20000000000000001      -0.89106871994910652       0.23717294003413314     
   1.2400000000000000       0.20000000000000001      -0.82519132433925246       0.26371077284812994     
   1.2800000000000000       0.20000000000000001      -0.95820647804370496       0.26142944443074212     
   1.3200000000000001       0.20000000000000001      -0.87710863295973152       0.36744847348094439     
   1.3600000000000001       0.20000000000000001      -0.98494484189253251       0.17043436016209160     
   1.4000000000000001       0.20000000000000001      -0.86092630172898776       0.31606086134789735     
   1.4399999999999999       0.20000000000000001      -0.82677627408704513       0.43285530752610718     
   1.4800000000000000       0.20000000000000001      -0.86228120353760673       0.31514349651081131     
   1.5200000000000000       0.20000000000000001      -0.83420383028585254       0.21981988975085603     
   1.5600000000000001       0.20000000000000001      -0.79244624729626445       0.35498606736269356     
   1.6000000000000001       0.20000000000000001      -0.80259156385314123       0.21304335436095531     
   1.6400000000000001       0.20000000000000001      -0.82201011876407759       0.43574233493054171     
   1.6799999999999999       0.20000000000000001      -0.76585070898082941       0.43752536880618265     
   1.7200000000000000       0.20000000000000001      -0.71300323900291740       0.42029508247281394     
   1.7600000000000000       0.20000000000000001      -0.90082269316189179       0.63277831183555155     
   1.8000000000000000       0.20000000000000001      -0.73930166146892895       0.35766278190971390     
   1.8400000000000001       0.20000000000000001      -0.68245421229542647       0.46479336133671517     
   1.8800000000000001       0.20000000000000001      -0.71192709731531967       0.50192541956472692     
   1.9199999999999999       0.20000000000000001      -0.70086188714276032       0.29095706705285490     
   1.9600000000000000       0.20000000000000001      -0.74691829792951914       0.26845927503024930     
   2.0000000000000000       0.20000000000000001      -0.91238389286541521       0.76711223214542856     
  
   4.0000000000000001E-002  0.40000000000000002       -3.7942240071133497       0.18437877185402471     
   8.0000000000000002E-002  0.40000000000000002       -3.1056186979769782       0.22574927688219132     
  0.12000000000000000       0.40000000000000002       -2.7327628228893448       0.22829302239012753     
  0.16000000000000000       0.40000000000000002       -2.3631273961974095       0.23695484440936174     
  0.20000000000000001       0.40000000000000002       -2.1747201250204209       0.24510004309969682     
  0.23999999999999999       0.40000000000000002       -2.0819473246509910       0.25476417040904975     
  0.28000000000000003       0.40000000000000002       -1.8809357244245142       0.25692269313565491     
  0.32000000000000001       0.40000000000000002       -1.7553997794248615       0.23884502824518747     
  0.35999999999999999       0.40000000000000002       -1.6904720454846742       0.22972269022919142     
  0.40000000000000002       0.40000000000000002       -1.5616383632087203       0.21034198530411163     
  0.44000000000000000       0.40000000000000002       -1.5425039253296422       0.20154239372296986     
  0.47999999999999998       0.40000000000000002       -1.4051327554123454       0.19586100316499749     
  0.52000000000000002       0.40000000000000002       -1.3473076005730995       0.18426203435247923     
  0.56000000000000005       0.40000000000000002       -1.3080524040362267       0.18369295895633936     
  0.59999999999999998       0.40000000000000002       -1.2490715917747830       0.18610028830149331     
  0.64000000000000001       0.40000000000000002       -1.1228416876221963       0.17017251225081087     
  0.68000000000000005       0.40000000000000002       -1.1269499731234534       0.14787385077387033     
  0.71999999999999997       0.40000000000000002       -1.1112498458572526       0.14920256975786725     
  0.76000000000000001       0.40000000000000002       -1.0613105647838381       0.18943331021734086     
  0.80000000000000004       0.40000000000000002       -1.0266262446443857       0.17773938574306761     
  0.83999999999999997       0.40000000000000002       -1.0183865496377116       0.17736487937222914     
  0.88000000000000000       0.40000000000000002      -0.99904999417236340       0.26431349350352645     
  0.92000000000000004       0.40000000000000002      -0.93119687025245645       0.16973906991522850     
  0.95999999999999996       0.40000000000000002      -0.94439919846650766       0.17485090263346964     
   1.0000000000000000       0.40000000000000002      -0.85528964550474340       0.21090577066869318     
   1.0400000000000000       0.40000000000000002      -0.87708199318352986       0.16108280540573369     
   1.0800000000000001       0.40000000000000002      -0.74054349518396145       0.19132102526334105     
   1.1200000000000001       0.40000000000000002      -0.74762417594223851       0.17478787415955366     
   1.1599999999999999       0.40000000000000002      -0.80127374433993803       0.20944293361408242     
   1.2000000000000000       0.40000000000000002      -0.77954695634819959       0.24194657132854996     
   1.2400000000000000       0.40000000000000002      -0.69651774159923452       0.12239671696034600     
   1.2800000000000000       0.40000000000000002      -0.72780408316929202       0.14152312877427012     
   1.3200000000000001       0.40000000000000002      -0.67086789662663904       0.24835567945676179     
   1.3600000000000001       0.40000000000000002      -0.62563011591407658       0.34772593478171593     
   1.4000000000000001       0.40000000000000002      -0.62009700929856604       0.16684524664149153     
   1.4399999999999999       0.40000000000000002      -0.58096037621225094       0.24450147520731780     
   1.4800000000000000       0.40000000000000002      -0.57323624993675171       0.32817404106683845     
   1.5200000000000000       0.40000000000000002      -0.63630659428527803       0.14052919841779921     
   1.5600000000000001       0.40000000000000002      -0.63786716532326582       0.23470308297442910     
   1.6000000000000001       0.40000000000000002      -0.55569310488116719       0.29629250690058495     
   1.6400000000000001       0.40000000000000002      -0.58695753159982944       0.21770041259961173     
   1.6799999999999999       0.40000000000000002      -0.55570326226243305       0.19792738764414877     
   1.7200000000000000       0.40000000000000002      -0.57848864993704419       0.23399055416136111     
   1.7600000000000000       0.40000000000000002      -0.56516656514216324       0.13581992580097610     
   1.8000000000000000       0.40000000000000002      -0.45064960563691597       0.32882663478583429     
   1.8400000000000001       0.40000000000000002      -0.49952977754042083       0.22228000051507726     
   1.8800000000000001       0.40000000000000002      -0.47389636662093965       0.24603036300535810     
   1.9199999999999999       0.40000000000000002      -0.56409592539389963       0.23773234875335572     
   1.9600000000000000       0.40000000000000002      -0.59786851355388893       0.29112568600382754     
   2.0000000000000000       0.40000000000000002      -0.46774827145307490       0.29040520535027875     
  
   4.0000000000000001E-002  0.60000000000000009       -3.8517599290378870       0.17940661769879196     
   8.0000000000000002E-002  0.60000000000000009       -3.1232274807159697       0.22188016427756321     
  0.12000000000000000       0.60000000000000009       -2.6671051222620217       0.22842058220814174     
  0.16000000000000000       0.60000000000000009       -2.4580175423063899       0.23493327072719575     
  0.20000000000000001       0.60000000000000009       -2.1419290014435588       0.25157004149266271     
  0.23999999999999999       0.60000000000000009       -2.0711866990313879       0.24746061552651710     
  0.28000000000000003       0.60000000000000009       -1.8446317363890656       0.25258999505950191     
  0.32000000000000001       0.60000000000000009       -1.6728962353149202       0.24665049503750566     
  0.35999999999999999       0.60000000000000009       -1.6640053097439094       0.24066230348248321     
  0.40000000000000002       0.60000000000000009       -1.5215579108483799       0.20924846621568424     
  0.44000000000000000       0.60000000000000009       -1.4823241570481667       0.21440187011352910     
  0.47999999999999998       0.60000000000000009       -1.3888958616265361       0.20814119060111508     
  0.52000000000000002       0.60000000000000009       -1.2924462762226985       0.20160297320466114     
  0.56000000000000005       0.60000000000000009       -1.2323069106980822       0.20715698702969310     
  0.59999999999999998       0.60000000000000009       -1.2142757907594914       0.21187202317987647     
  0.64000000000000001       0.60000000000000009       -1.1380879013569951       0.19962150670837564     
  0.68000000000000005       0.60000000000000009       -1.0794240704168898       0.19498998968465922     
  0.71999999999999997       0.60000000000000009       -1.0790497804246655       0.17318632745055715     
  0.76000000000000001       0.60000000000000009      -0.99477134474305062       0.18019903792177322     
  0.80000000000000004       0.60000000000000009      -0.93261605584061902       0.15249453809417055     
  0.83999999999999997       0.60000000000000009      -0.91356011678527949       0.17406924539655130     
  0.88000000000000000       0.60000000000000009      -0.81898560413840438       0.15784572485580925     
  0.92000000000000004       0.60000000000000009      -0.77151706466062608       0.17280210969502910     
  0.95999999999999996       0.60000000000000009      -0.76219954655480093       0.18629444016751084     
   1.0000000000000000       0.60000000000000009      -0.76189757473918918       0.21113746726564700     
   1.0400000000000000       0.60000000000000009      -0.69926137307189873       0.19764748249625008     
   1.0800000000000001       0.60000000000000009      -0.71777426180547865       0.22097655508958133     
   1.1200000000000001       0.60000000000000009      -0.60472675476071158       0.18069952573059228     
   1.1599999999999999       0.60000000000000009      -0.65494706036867456       0.15022863228526101     
   1.2000000000000000       0.60000000000000009      -0.61958684812233988       0.15478530275351485     
   1.2400000000000000       0.60000000000000009      -0.62031372435541288       0.15689800182615588     
   1.2800000000000000       0.60000000000000009      -0.62522619381849287       0.18862275790592073     
   1.3200000000000001       0.60000000000000009      -0.55053812212839914       0.11024329882508042     
   1.3600000000000001       0.60000000000000009      -0.58324284140007632       0.19990911379672896     
   1.4000000000000001       0.60000000000000009      -0.51797986708176580       0.13253214737147065     
   1.4399999999999999       0.60000000000000009      -0.54688559715479634       0.12179694574599634     
   1.4800000000000000       0.60000000000000009      -0.44555259987067375       0.11989856332082779     
   1.5200000000000000       0.60000000000000009      -0.48712272235899368       0.15624349849648828     
   1.5600000000000001       0.60000000000000009      -0.50649814779047198       0.16974612213069343     
   1.6000000000000001       0.60000000000000009      -0.40556351814841768       0.15291571659520328     
   1.6400000000000001       0.60000000000000009      -0.47530092084323106        9.8221258304284742E-002
   1.6799999999999999       0.60000000000000009      -0.42968252055441647       0.21501952055573870     
   1.7200000000000000       0.60000000000000009      -0.40569836246036095       0.23635812065892972     
   1.7600000000000000       0.60000000000000009      -0.45805780961951020       0.11905670040940228     
   1.8000000000000000       0.60000000000000009      -0.47997953043209751       0.18481147360531669     
   1.8400000000000001       0.60000000000000009      -0.35714733071708837       0.15674855477256069     
   1.8800000000000001       0.60000000000000009      -0.44952969246327468       0.13624109835476916     
   1.9199999999999999       0.60000000000000009      -0.46485570009769589       0.28155904655904768     
   1.9600000000000000       0.60000000000000009      -0.29106748874971566       0.15796928282141173     
   2.0000000000000000       0.60000000000000009      -0.43514492133118071       0.16440688630858252     
  
   4.0000000000000001E-002  0.80000000000000004       -3.7991973560817698       0.17736847079557302     
   8.0000000000000002E-002  0.80000000000000004       -3.1178170321272440       0.21812853450638678     
  0.12000000000000000       0.80000000000000004       -2.7518965226027277       0.22950288286420450     
  0.16000000000000000       0.80000000000000004       -2.4565873949208541       0.23377510718674990     
  0.20000000000000001       0.80000000000000004       -2.2446864413231848       0.24115855906682554     
  0.23999999999999999       0.80000000000000004       -2.0268650727698656       0.25158384849638199     
  0.28000000000000003       0.80000000000000004       -1.8212607418546525       0.25328705109317229     
  0.32000000000000001       0.80000000000000004       -1.7216603021685499       0.23546759397001207     
  0.35999999999999999       0.80000000000000004       -1.6402101242384448       0.22643922244990644     
  0.40000000000000002       0.80000000000000004       -1.5727755482270500       0.21530210540759870     
  0.44000000000000000       0.80000000000000004       -1.4477671025484797       0.20748455557555381     
  0.47999999999999998       0.80000000000000004       -1.3946358696364654       0.20049647313056748     
  0.52000000000000002       0.80000000000000004       -1.2707189699859012       0.21081236106566981     
  0.56000000000000005       0.80000000000000004       -1.1971574010791506       0.20955933707837329     
  0.59999999999999998       0.80000000000000004       -1.1450694960799066       0.21330590663189788     
  0.64000000000000001       0.80000000000000004       -1.1079960556979285       0.20218857173533927     
  0.68000000000000005       0.80000000000000004       -1.0934758648680465       0.20246927173886461     
  0.71999999999999997       0.80000000000000004       -1.0248195969300062       0.17151930854519157     
  0.76000000000000001       0.80000000000000004      -0.96499124718859330       0.19224646063265824     
  0.80000000000000004       0.80000000000000004      -0.91678813281760962       0.21682770552932315     
  0.83999999999999997       0.80000000000000004      -0.95352361581660694       0.20267941259207947     
  0.88000000000000000       0.80000000000000004      -0.86258641540796710       0.21281345213295738     
  0.92000000000000004       0.80000000000000004      -0.79279624313163599       0.19447752695062806     
  0.95999999999999996       0.80000000000000004      -0.74757306817283942       0.22189350099483257     
   1.0000000000000000       0.80000000000000004      -0.77406701295892755       0.16338073048178631     
   1.0400000000000000       0.80000000000000004      -0.71638151318488308       0.20703204911996639     
   1.0800000000000001       0.80000000000000004      -0.69993118587757508       0.17995476209494832     
   1.1200000000000001       0.80000000000000004      -0.68081134988325809       0.24144450517331600     
   1.1599999999999999       0.80000000000000004      -0.63854995937110803       0.17624899905383051     
   1.2000000000000000       0.80000000000000004      -0.61794956564936976       0.19084486272197454     
   1.2400000000000000       0.80000000000000004      -0.53435907387096204       0.19633564663849445     
   1.2800000000000000       0.80000000000000004      -0.58714040207085338       0.21590585904406109     
   1.3200000000000001       0.80000000000000004      -0.45228983448623045       0.11650380202727699     
   1.3600000000000001       0.80000000000000004      -0.50255273802533618       0.21843639492296618     
   1.4000000000000001       0.80000000000000004      -0.53960468554914720       0.20705043394465120     
   1.4399999999999999       0.80000000000000004      -0.49104614173749772       0.18375928098328900     
   1.4800000000000000       0.80000000000000004      -0.51307030158413436       0.19269091169722186     
   1.5200000000000000       0.80000000000000004      -0.51173221742352260       0.12742546841982283     
   1.5600000000000001       0.80000000000000004      -0.48887742927712585       0.21280785319915904     
   1.6000000000000001       0.80000000000000004      -0.43260851012995588       0.28062221667360449     
   1.6400000000000001       0.80000000000000004      -0.41349459799914406       0.17803648079320647     
   1.6799999999999999       0.80000000000000004      -0.38604598231224496       0.17492983850074784     
   1.7200000000000000       0.80000000000000004      -0.40378603253000733       0.16768153503204622     
   1.7600000000000000       0.80000000000000004      -0.34822316547936522       0.14091199813088257     
   1.8000000000000000       0.80000000000000004      -0.38801034991206151       0.25917620364112975     
   1.8400000000000001       0.80000000000000004      -0.44044546270830082       0.16007376209501195     
   1.8800000000000001       0.80000000000000004      -0.34665534016135940       0.23227083153952707     
   1.9199999999999999       0.80000000000000004      -0.45776687845586428       0.27407015423450598     
   1.9600000000000000       0.80000000000000004      -0.30005921234754879       0.13214089843908464     
   2.0000000000000000       0.80000000000000004      -0.35565747599666481       0.27509857750875277     
  
   4.0000000000000001E-002   1.0000000000000000       -3.8050709275182482       0.18333186176797039     
   8.0000000000000002E-002   1.0000000000000000       -3.1028430378342282       0.22305608965196638     
  0.12000000000000000        1.0000000000000000       -2.7131525506908432       0.22317752652966064     
  0.16000000000000000        1.0000000000000000       -2.4526323684382829       0.24429953973825988     
  0.20000000000000001        1.0000000000000000       -2.1859402323124093       0.24832586808929213     
  0.23999999999999999        1.0000000000000000       -2.0513587828107176       0.25226355310624315     
  0.28000000000000003        1.0000000000000000       -1.8626569266543687       0.24490670711919660     
  0.32000000000000001        1.0000000000000000       -1.7866404601618144       0.24436879273142753     
  0.35999999999999999        1.0000000000000000       -1.6489754632700377       0.22955395581538765     
  0.40000000000000002        1.0000000000000000       -1.5757014083419212       0.21062741867634668     
  0.44000000000000000        1.0000000000000000       -1.5066742670693305       0.20052706654573110     
  0.47999999999999998        1.0000000000000000       -1.3631281341245360       0.20915453942247997     
  0.52000000000000002        1.0000000000000000       -1.2546289658193690       0.20335255069992539     
  0.56000000000000005        1.0000000000000000       -1.2697358601145716       0.21144521626184756     
  0.59999999999999998        1.0000000000000000       -1.1219508394136737       0.19565066730078615     
  0.64000000000000001        1.0000000000000000       -1.0578716557651249       0.20388953864516968     
  0.68000000000000005        1.0000000000000000       -1.0525249555655967       0.21138678841987310     
  0.71999999999999997        1.0000000000000000      -0.99234159066090166       0.18684867617769202     
  0.76000000000000001        1.0000000000000000      -0.93832897514691238       0.19285633983544953     
  0.80000000000000004        1.0000000000000000      -0.98517298895214467       0.18579596964282280     
  0.83999999999999997        1.0000000000000000      -0.95861483333257125       0.19589101315499374     
  0.88000000000000000        1.0000000000000000      -0.87872970224586477       0.21843694234557573     
  0.92000000000000004        1.0000000000000000      -0.84393010621243758       0.16211314257259751     
  0.95999999999999996        1.0000000000000000      -0.84776046989267506       0.17480833665742754     
   1.0000000000000000        1.0000000000000000      -0.84438323287531114       0.22393245846168303     
   1.0400000000000000        1.0000000000000000      -0.80019889401960165       0.22848190931797763     
   1.0800000000000001        1.0000000000000000      -0.68036654725064216       0.21709457439947827     
   1.1200000000000001        1.0000000000000000      -0.70093987490046139       0.25639691727678798     
   1.1599999999999999        1.0000000000000000      -0.71651403928405144       0.15796358373955946     
   1.2000000000000000        1.0000000000000000      -0.62591472133673043       0.15424556538936732     
   1.2400000000000000        1.0000000000000000      -0.65195677468636248       0.24661506634318955     
   1.2800000000000000        1.0000000000000000      -0.63019472106371732       0.20076043015443090     
   1.3200000000000001        1.0000000000000000      -0.59862278320695739       0.25091132939934224     
   1.3600000000000001        1.0000000000000000      -0.59708745645272676       0.25574965385694914     
   1.4000000000000001        1.0000000000000000      -0.59075352610979337       0.18004597680323794     
   1.4399999999999999        1.0000000000000000      -0.64450947085309773       0.11765410824428751     
   1.4800000000000000        1.0000000000000000      -0.55994544968162696       0.23783670827306444     
   1.5200000000000000        1.0000000000000000      -0.58786312100741311       0.11869784245191775     
   1.5600000000000001        1.0000000000000000      -0.58165559830509561       0.20211869488335615     
   1.6000000000000001        1.0000000000000000      -0.52698706151568375       0.18855594854267135     
   1.6400000000000001        1.0000000000000000      -0.50729409671478753       0.27897948036246895     
   1.6799999999999999        1.0000000000000000      -0.53191237509266209       0.21532530464613334     
   1.7200000000000000        1.0000000000000000      -0.52228713664671089       0.22552977355778181     
   1.7600000000000000        1.0000000000000000      -0.57760988178906303       0.15215987406404161     
   1.8000000000000000        1.0000000000000000      -0.43471077951569032       0.13495295985222289     
   1.8400000000000001        1.0000000000000000      -0.36286431147280529       0.29053903977332857     
   1.8800000000000001        1.0000000000000000      -0.34157576399664347       0.20770207072799263     
   1.9199999999999999        1.0000000000000000      -0.37891070997930765       0.19218977161084744     
   1.9600000000000000        1.0000000000000000      -0.39569546372987147       0.10594211856957719     
   2.0000000000000000        1.0000000000000000      -0.36323643211749912       0.17234934561709497     
  
   4.0000000000000001E-002   1.2000000000000002       -3.8282264046298806       0.19033734155583462     
   8.0000000000000002E-002   1.2000000000000002       -3.1860228502656320       0.22108825501682811     
  0.12000000000000000        1.2000000000000002       -2.7512750643495631       0.23513869433326076     
  0.16000000000000000        1.2000000000000002       -2.2927930808177499       0.24297783969478795     
  0.20000000000000001        1.2000000000000002       -2.2038274814519001       0.25466029121492334     
  0.23999999999999999        1.2000000000000002       -2.0601512179846666       0.24628628698771210     
  0.28000000000000003        1.2000000000000002       -1.8409965892027609       0.23094746201530775     
  0.32000000000000001        1.2000000000000002       -1.7196359732586557       0.22025524059908066     
  0.35999999999999999        1.2000000000000002       -1.6566191115710407       0.20498153958416288     
  0.40000000000000002        1.2000000000000002       -1.5877536191774808       0.22251906464440047     
  0.44000000000000000        1.2000000000000002       -1.4660121671547357       0.21374905991280943     
  0.47999999999999998        1.2000000000000002       -1.3171027000780837       0.21862326161800807     
  0.52000000000000002        1.2000000000000002       -1.3005970372619473       0.21478361592242454     
  0.56000000000000005        1.2000000000000002       -1.3211486081883821       0.22943966181056885     
  0.59999999999999998        1.2000000000000002       -1.2555318697362725       0.20825020374786435     
  0.64000000000000001        1.2000000000000002       -1.1666514997446544       0.21876068880797614     
  0.68000000000000005        1.2000000000000002       -1.1388365611266902       0.19565629359561917     
  0.71999999999999997        1.2000000000000002       -1.1222946217820420       0.22451561744558107     
  0.76000000000000001        1.2000000000000002       -1.0676832417991327       0.16362347685680170     
  0.80000000000000004        1.2000000000000002       -1.0659073431689767       0.20675666977833301     
  0.83999999999999997        1.2000000000000002      -0.97752697523729493       0.23769378844371858     
  0.88000000000000000        1.2000000000000002      -0.85647996030979423       0.22869449853164767     
  0.92000000000000004        1.2000000000000002      -0.95059294535924521       0.21043689424906512     
  0.95999999999999996        1.2000000000000002      -0.87692452407440691       0.14525272131513331     
   1.0000000000000000        1.2000000000000002      -0.83605049912639839       0.22519586882815940     
   1.0400000000000000        1.2000000000000002      -0.84474347907444491       0.24906808701871158     
   1.0800000000000001        1.2000000000000002      -0.81781507978887946       0.12939501408948709     
   1.1200000000000001        1.2000000000000002      -0.72546221171866387       0.16361015242443927     
   1.1599999999999999        1.2000000000000002      -0.68036025823791024       0.20445939588765857     
   1.2000000000000000        1.2000000000000002      -0.78587494356484255       0.26581290648365874     
   1.2400000000000000        1.2000000000000002      -0.75164746807068339       0.28194100925272092     
   1.2800000000000000        1.2000000000000002      -0.76548690915160222       0.39983320900515634     
   1.3200000000000001        1.2000000000000002      -0.71710867895614461       0.18807094957664278     
   1.3600000000000001        1.2000000000000002      -0.60689448996176021       0.15071039112976148     
   1.4000000000000001        1.2000000000000002      -0.69546714317862635       0.28110034952651625     
   1.4399999999999999        1.2000000000000002      -0.59121119586837256       0.20677078598922749     
   1.4800000000000000        1.2000000000000002      -0.76447735108644710       0.30867753938100073     
   1.5200000000000000        1.2000000000000002      -0.67417532878120534       0.23121434308759201     
   1.5600000000000001        1.2000000000000002      -0.56946979907605833       0.21952333728255902     
   1.6000000000000001        1.2000000000000002      -0.61756081449239053       0.15895053649158927     
   1.6400000000000001        1.2000000000000002      -0.51140379379865220       0.29391072492545678     
   1.6799999999999999        1.2000000000000002      -0.52172913055967984       0.19626912465682800     
   1.7200000000000000        1.2000000000000002      -0.52644866631258214       0.23881927890468088     
   1.7600000000000000        1.2000000000000002      -0.65434820855067366       0.32384267566159736     
   1.8000000000000000        1.2000000000000002      -0.52621537933815843       0.26259614637329015     
   1.8400000000000001        1.2000000000000002      -0.44700716048588623       0.29828440424825398     
   1.8800000000000001        1.2000000000000002      -0.52663980036686642       0.18084013663903811     
   1.9199999999999999        1.2000000000000002      -0.46027361584354265       0.21834234470917172     
   1.9600000000000000        1.2000000000000002      -0.47615492805583359       0.16445698197904701     
   2.0000000000000000        1.2000000000000002      -0.59863192419381916       0.32627633926971061     
  
   4.0000000000000001E-002   1.4000000000000001       -3.8288869874514990       0.20111813607941340     
   8.0000000000000002E-002   1.4000000000000001       -3.0569306694921319       0.22778565150995694     
  0.12000000000000000        1.4000000000000001       -2.6764379407333072       0.23425708024654279     
  0.16000000000000000        1.4000000000000001       -2.4283451998441343       0.23889267446205256     
  0.20000000000000001        1.4000000000000001       -2.2485106075377406       0.24054779069375437     
  0.23999999999999999        1.4000000000000001       -2.0463700998965186       0.21604484300521198     
  0.28000000000000003        1.4000000000000001       -1.9426682212710269       0.21906718831393926     
  0.32000000000000001        1.4000000000000001       -1.7886247618690407       0.21101634126626315     
  0.35999999999999999        1.4000000000000001       -1.6740862720614966       0.21662067475976879     
  0.40000000000000002        1.4000000000000001       -1.5958267451811379       0.20924178957107259     
  0.44000000000000000        1.4000000000000001       -1.5254749635179354       0.22021767296048228     
  0.47999999999999998        1.4000000000000001       -1.4422257957695317       0.19725815105199121     
  0.52000000000000002        1.4000000000000001       -1.3894728542788530       0.19717332401159385     
  0.56000000000000005        1.4000000000000001       -1.3163736419620755       0.21728109133602330     
  0.59999999999999998        1.4000000000000001       -1.2685469401024818       0.24950765427361790     
  0.64000000000000001        1.4000000000000001       -1.1783698901733346       0.20242443057435755     
  0.68000000000000005        1.4000000000000001       -1.2215801562858237       0.24640514362152161     
  0.71999999999999997        1.4000000000000001       -1.0712698007506565       0.16331992178050470     
  0.76000000000000001        1.4000000000000001       -1.0902575443267075       0.15754434546947296     
  0.80000000000000004        1.4000000000000001       -1.0648188521892659       0.21827372880742674     
  0.83999999999999997        1.4000000000000001       -1.0381908675787759       0.24038512209932830     
  0.88000000000000000        1.4000000000000001       -1.0264325074541012       0.27512865316026547     
  0.92000000000000004        1.4000000000000001       -1.0154860014373637       0.19364263851596192     
  0.95999999999999996        1.4000000000000001      -0.91759764735783667       0.15929606352788278     
   1.0000000000000000        1.4000000000000001      -0.91582531646924370       0.18365634689032703     
   1.0400000000000000        1.4000000000000001      -0.88163191146579178       0.23661660472361193     
   1.0800000000000001        1.4000000000000001      -0.74774768707493300       0.26012024977537757     
   1.1200000000000001        1.4000000000000001      -0.75126418140161799       0.21149709290257701     
   1.1599999999999999        1.4000000000000001      -0.90454893705798645       0.12175268359365722     
   1.2000000000000000        1.4000000000000001      -0.87211661729722112       0.24396604213872558     
   1.2400000000000000        1.4000000000000001      -0.83119066403789155       0.31187196630051273     
   1.2800000000000000        1.4000000000000001      -0.71223776819281592       0.19274838200430375     
   1.3200000000000001        1.4000000000000001      -0.72023047417471131       0.26208834332780062     
   1.3600000000000001        1.4000000000000001      -0.73508720218752821       0.25811570841779757     
   1.4000000000000001        1.4000000000000001      -0.65370109916628671       0.19644664508441048     
   1.4399999999999999        1.4000000000000001      -0.74737700290270936       0.26673694272985077     
   1.4800000000000000        1.4000000000000001      -0.68403608359738155       0.23166535371196403     
   1.5200000000000000        1.4000000000000001      -0.67405531040700351       0.24644371105060905     
   1.5600000000000001        1.4000000000000001      -0.65645301851989002       0.14644702243160562     
   1.6000000000000001        1.4000000000000001      -0.69983182078218598       0.17118814591820949     
   1.6400000000000001        1.4000000000000001      -0.60125731059400134       0.19926085844270694     
   1.6799999999999999        1.4000000000000001      -0.59970958539188091       0.25423201467921103     
   1.7200000000000000        1.4000000000000001      -0.63768466785455702       0.21357435324878518     
   1.7600000000000000        1.4000000000000001      -0.56504172168677225       0.19544638458806260     
   1.8000000000000000        1.4000000000000001      -0.50133993382676179       0.20517640104789664     
   1.8400000000000001        1.4000000000000001      -0.56863722986027054       0.42005772161655336     
   1.8800000000000001        1.4000000000000001      -0.53993346543938980       0.14949537658168857     
   1.9199999999999999        1.4000000000000001      -0.55938844786110686       0.16925574768705473     
   1.9600000000000000        1.4000000000000001      -0.51168322120232390       0.35765540253249367     
   2.0000000000000000        1.4000000000000001      -0.48712137816805434       0.27521128090349528     
  
   4.0000000000000001E-002   1.6000000000000001       -3.7566740131459131       0.20112813883837041     
   8.0000000000000002E-002   1.6000000000000001       -3.0821613537430221       0.22973353047108450     
  0.12000000000000000        1.6000000000000001       -2.7015488026044698       0.23298381658456349     
  0.16000000000000000        1.6000000000000001       -2.3443213526832634       0.23237373569693570     
  0.20000000000000001        1.6000000000000001       -2.1776788531641325       0.23154567163416759     
  0.23999999999999999        1.6000000000000001       -2.1127105933755423       0.21494751251287220     
  0.28000000000000003        1.6000000000000001       -1.9378739290164011       0.20878909133070903     
  0.32000000000000001        1.6000000000000001       -1.8036949858881692       0.20687431320770353     
  0.35999999999999999        1.6000000000000001       -1.7504585999606646       0.22054687670020121     
  0.40000000000000002        1.6000000000000001       -1.6565963534414796       0.20731662392995465     
  0.44000000000000000        1.6000000000000001       -1.5677744882582383       0.18577502306634056     
  0.47999999999999998        1.6000000000000001       -1.5028102202579150       0.20034842328701444     
  0.52000000000000002        1.6000000000000001       -1.3803766454891011       0.19464593800561727     
  0.56000000000000005        1.6000000000000001       -1.3643912529587485       0.21197326915146730     
  0.59999999999999998        1.6000000000000001       -1.3352039741458341       0.19725697473967996     
  0.64000000000000001        1.6000000000000001       -1.2697620014493711       0.15266177028196795     
  0.68000000000000005        1.6000000000000001       -1.2154877229200967       0.22492742534784357     
  0.71999999999999997        1.6000000000000001       -1.1482875422865131       0.20493683706829441     
  0.76000000000000001        1.6000000000000001       -1.1610457385232711       0.22531512115462385     
  0.80000000000000004        1.6000000000000001       -1.0690213473810484       0.20784956056028331     
  0.83999999999999997        1.6000000000000001       -1.0791839977803785       0.18479368547376521     
  0.88000000000000000        1.6000000000000001       -1.1286814097761113       0.26898589270987505     
  0.92000000000000004        1.6000000000000001       -1.0615702976120729       0.26143661658623224     
  0.95999999999999996        1.6000000000000001       -1.0377354895149637       0.20639862044137453     
   1.0000000000000000        1.6000000000000001      -0.99104410264722331       0.15008849047824349     
   1.0400000000000000        1.6000000000000001      -0.93592353747182222       0.18329328885527271     
   1.0800000000000001        1.6000000000000001      -0.95892331949000198       0.22654789938019693     
   1.1200000000000001        1.6000000000000001      -0.89642787662959711       0.27377043023500630     
   1.1599999999999999        1.6000000000000001      -0.93617650652619844       0.24754320472492317     
   1.2000000000000000        1.6000000000000001      -0.88739710674704553       0.15488530550919885     
   1.2400000000000000        1.6000000000000001      -0.72561717796010627       0.29165347030769662     
   1.2800000000000000        1.6000000000000001      -0.77561618304617708       0.14956243323767640     
   1.3200000000000001        1.6000000000000001      -0.79547693066313740       0.20972508087675007     
   1.3600000000000001        1.6000000000000001      -0.77066857655034104       0.31852992948479836     
   1.4000000000000001        1.6000000000000001      -0.72596142702773714       0.19862598206002252     
   1.4399999999999999        1.6000000000000001      -0.89205285163346559       0.18219070318222558     
   1.4800000000000000        1.6000000000000001      -0.75510932383581253       0.20293009547713331     
   1.5200000000000000        1.6000000000000001      -0.67970613141865877       0.41116804706956406     
   1.5600000000000001        1.6000000000000001      -0.57851733365169145       0.17893128012491669     
   1.6000000000000001        1.6000000000000001      -0.74416945383341160       0.18851895464160517     
   1.6400000000000001        1.6000000000000001      -0.78467058254442790       0.32092858916238731     
   1.6799999999999999        1.6000000000000001      -0.61573505697472053       0.23411537078398473     
   1.7200000000000000        1.6000000000000001      -0.64830472930286120       0.31356629148779264     
   1.7600000000000000        1.6000000000000001      -0.73190025380039880       0.46101630330373067     
   1.8000000000000000        1.6000000000000001      -0.71270176012550235       0.16778015823460776     
   1.8400000000000001        1.6000000000000001      -0.65820056745349032       0.20082485136515119     
   1.8800000000000001        1.6000000000000001      -0.68742264150788657       0.21695921357488596     
   1.9199999999999999        1.6000000000000001      -0.64502597848023047       0.34903648093419354     
   1.9600000000000000        1.6000000000000001      -0.52837059116807339       0.24796834577813501     
   2.0000000000000000        1.6000000000000001      -0.65162413771682914       0.21406555823132706     
  
   4.0000000000000001E-002   1.8000000000000000       -3.8064970939348735       0.21113360129125533     
   8.0000000000000002E-002   1.8000000000000000       -3.1134787653057150       0.22859350390370314     
  0.12000000000000000        1.8000000000000000       -2.7353343970117523       0.23521345791517570     
  0.16000000000000000        1.8000000000000000       -2.4592817398740840       0.23659320656911384     
  0.20000000000000001        1.8000000000000000       -2.2252619516356842       0.22803922110286073     
  0.23999999999999999        1.8000000000000000       -2.0670475229499194       0.22987899797122940     
  0.28000000000000003        1.8000000000000000       -1.9634557711202953       0.21178073410736714     
  0.32000000000000001        1.8000000000000000       -1.8770364083646918       0.21555500785257103     
  0.35999999999999999        1.8000000000000000       -1.6974281898577017       0.19708994902566954     
  0.40000000000000002        1.8000000000000000       -1.6831558166230001       0.20461398151317331     
  0.44000000000000000        1.8000000000000000       -1.5973625813189227       0.17246612562513119     
  0.47999999999999998        1.8000000000000000       -1.5312192283423796       0.16091354693210744     
  0.52000000000000002        1.8000000000000000       -1.4799095590191480       0.21011113419987210     
  0.56000000000000005        1.8000000000000000       -1.4586581753596677       0.14981341543645965     
  0.59999999999999998        1.8000000000000000       -1.3328714425519306       0.15628516148417773     
  0.64000000000000001        1.8000000000000000       -1.3415475909446160       0.20404696174501599     
  0.68000000000000005        1.8000000000000000       -1.2552128077067994       0.17652973539460037     
  0.71999999999999997        1.8000000000000000       -1.2867864598543732       0.24500304134445941     
  0.76000000000000001        1.8000000000000000       -1.1683135602683652       0.23253035898980234     
  0.80000000000000004        1.8000000000000000       -1.0506579726091640       0.19846496521921658     
  0.83999999999999997        1.8000000000000000       -1.0616075486235397       0.16388704270643731     
  0.88000000000000000        1.8000000000000000       -1.0536881884035085       0.25574272867477732     
  0.92000000000000004        1.8000000000000000       -1.1894983249984545       0.19101661676642501     
  0.95999999999999996        1.8000000000000000      -0.96665151254921977       0.27989153717936377     
   1.0000000000000000        1.8000000000000000      -0.94720194254441159       0.27128801306584771     
   1.0400000000000000        1.8000000000000000      -0.98358338875917883       0.26362960851421330     
   1.0800000000000001        1.8000000000000000      -0.86997578538489595       0.18125914688862740     
   1.1200000000000001        1.8000000000000000      -0.94057259188114095       0.18285406079144417     
   1.1599999999999999        1.8000000000000000      -0.92542760194650175       0.31800651680900405     
   1.2000000000000000        1.8000000000000000      -0.77947505849730325       0.25518459209334976     
   1.2400000000000000        1.8000000000000000      -0.85698978315717245       0.24198081819062739     
   1.2800000000000000        1.8000000000000000      -0.80566786656202183       0.21174520163771043     
   1.3200000000000001        1.8000000000000000      -0.91638169921883750       0.11221855358479679     
   1.3600000000000001        1.8000000000000000      -0.80769004778690756       0.22297949283249421     
   1.4000000000000001        1.8000000000000000      -0.77737502356015964       0.16704421432276109     
   1.4399999999999999        1.8000000000000000      -0.85543004620453378       0.22412377449237067     
   1.4800000000000000        1.8000000000000000      -0.67085314360432091       0.20348663009251039     
   1.5200000000000000        1.8000000000000000      -0.75462791178015798       0.22202592874345500     
   1.5600000000000001        1.8000000000000000      -0.85461432857239750       0.13070581233761391     
   1.6000000000000001        1.8000000000000000      -0.89308677624768085       0.22421649785235742     
   1.6400000000000001        1.8000000000000000      -0.80226911132115319       0.33532629255338003     
   1.6799999999999999        1.8000000000000000      -0.77189702676930250       0.55282078815221636     
   1.7200000000000000        1.8000000000000000      -0.80983473332730316       0.22678448166000159     
   1.7600000000000000        1.8000000000000000      -0.62512010301769272       0.18144070387574313     
   1.8000000000000000        1.8000000000000000      -0.76248278125240043       0.19201933042611835     
   1.8400000000000001        1.8000000000000000      -0.79295668703694189       0.23501091509451447     
   1.8800000000000001        1.8000000000000000      -0.70631478464286768       0.17180192654965989     
   1.9199999999999999        1.8000000000000000      -0.81709229996324806       0.16414838698459872     
   1.9600000000000000        1.8000000000000000      -0.66940584408566506       0.31478769409539969     
   2.0000000000000000        1.8000000000000000      -0.69391587366695739       0.18315361335176292     
  
   4.0000000000000001E-002   2.0000000000000000       -3.8070962475090107       0.21048983880217439     
   8.0000000000000002E-002   2.0000000000000000       -3.1066317803988137       0.23086972589698493     
  0.12000000000000000        2.0000000000000000       -2.7160064593957052       0.24688469002860719     
  0.16000000000000000        2.0000000000000000       -2.4692106370212792       0.23670388466450012     
  0.20000000000000001        2.0000000000000000       -2.2106798392593912       0.21767373116082994     
  0.23999999999999999        2.0000000000000000       -2.1236445856427490       0.21605846836351916     
  0.28000000000000003        2.0000000000000000       -2.0056432207364785       0.22191838920265322     
  0.32000000000000001        2.0000000000000000       -1.8062859309338495       0.20361328227804887     
  0.35999999999999999        2.0000000000000000       -1.7776077459060822       0.18161004560444788     
  0.40000000000000002        2.0000000000000000       -1.6787213428086729       0.16902158931181516     
  0.44000000000000000        2.0000000000000000       -1.5547454425963254       0.18112148908747430     
  0.47999999999999998        2.0000000000000000       -1.5683047186028636       0.17098721012669227     
  0.52000000000000002        2.0000000000000000       -1.4912856753964225       0.20396662930695081     
  0.56000000000000005        2.0000000000000000       -1.4877893400629214       0.19254429426330286     
  0.59999999999999998        2.0000000000000000       -1.4035688147447984       0.26629046222251479     
  0.64000000000000001        2.0000000000000000       -1.3086651587363407       0.20649197314778364     
  0.68000000000000005        2.0000000000000000       -1.2676743641319914       0.19390036258182194     
  0.71999999999999997        2.0000000000000000       -1.3341010577889982       0.27080306394542453     
  0.76000000000000001        2.0000000000000000       -1.2390425109296672       0.17631841528936665     
  0.80000000000000004        2.0000000000000000       -1.1396957586510950       0.19315897280824673     
  0.83999999999999997        2.0000000000000000       -1.1646724752907398       0.14251072034871412     
  0.88000000000000000        2.0000000000000000       -1.0844604618950398       0.17118494455301789     
  0.92000000000000004        2.0000000000000000       -1.0911228625900062       0.23878521232463470     
  0.95999999999999996        2.0000000000000000       -1.1526200135723892       0.23731715860267946     
   1.0000000000000000        2.0000000000000000       -1.0311906299007334       0.21750028093587570     
   1.0400000000000000        2.0000000000000000       -1.0603426209981119       0.18515642476521801     
   1.0800000000000001        2.0000000000000000       -1.0079224217290434       0.20116652040313579     
   1.1200000000000001        2.0000000000000000       -1.0398083393176891       0.13688217178231121     
   1.1599999999999999        2.0000000000000000      -0.91314007463052693       0.28486553129244963     
   1.2000000000000000        2.0000000000000000      -0.89416105511819399       0.26560621912977639     
   1.2400000000000000        2.0000000000000000      -0.77991193897027522       0.32866385714610896     
   1.2800000000000000        2.0000000000000000      -0.80562055217181705       0.23599297979895542     
   1.3200000000000001        2.0000000000000000      -0.88569587251794324       0.19305745583603207     
   1.3600000000000001        2.0000000000000000      -0.90295314327539389       0.19212025625680276     
   1.4000000000000001        2.0000000000000000      -0.92282600909961532       0.23206110349269682     
   1.4399999999999999        2.0000000000000000       -1.0595087600646735       0.18020134419928832     
   1.4800000000000000        2.0000000000000000      -0.88307405834687636       0.35182288545134943     
   1.5200000000000000        2.0000000000000000      -0.81524582362286868       0.29833551279663068     
   1.5600000000000001        2.0000000000000000      -0.94366078192068148       0.22629380707168481     
   1.6000000000000001        2.0000000000000000      -0.72722848711011678       0.18522711277731155     
   1.6400000000000001        2.0000000000000000      -0.77373035807073920       0.31580810938178316     
   1.6799999999999999        2.0000000000000000      -0.76193140144335136       0.16565601446029551     
   1.7200000000000000        2.0000000000000000      -0.85774539365723035       0.40380490662663204     
   1.7600000000000000        2.0000000000000000      -0.83685839235209480       0.36640049851478790     
   1.8000000000000000        2.0000000000000000      -0.86239578319620425       0.29890844373999625     
   1.8400000000000001        2.0000000000000000      -0.75028796301012401       0.28921664747962827     
   1.8800000000000001        2.0000000000000000      -0.72878920557579974       0.11244966824502280     
   1.9199999999999999        2.0000000000000000      -0.86778810232855985       0.31075796720026466     
   1.9600000000000000        2.0000000000000000      -0.79236658918037173       0.46097035077536941     
   2.0000000000000000        2.0000000000000000      -0.60155463263626940       0.12649956668303786     
  
