           1  -2.8287133336516668       0.92299932163852061     
           2  -2.8285528287467159       0.91313217922762047     
           3  -2.7315952546321829       0.87828203918905556     
           4  -2.0363653747578230       0.79226844293715271     
           5  -1.5322031727884926       0.73825904543188892     
           6  -1.5472881925447040       0.73490988679461744     
           7  -1.6900894810678826       0.73257335291419556     
           8  -1.8672671869527770       0.73032294665227737     
           9  -2.1006580583960410       0.72838835936960733     
          10  -2.4200926337025619       0.72672856584812118     
          11  -2.4647780380400945       0.72528851304563291     
          12  -2.4958629410209823       0.72402247888229676     
          13  -2.4774199106454100       0.72289317456391566     
          14  -2.4368432027322311       0.72186944786956408     
          15  -2.3881487974024447       0.72092442343136964     
          16  -2.3344815234541998       0.72003404037687646     
          17  -2.2768870015840559       0.71917583440529320     
          18  -2.2162171869625906       0.71832783470105277     
          19  -2.1531785334456086       0.71746745995368821     
          20  -2.0882457692085952       0.71657029088013646     
          21  -2.0218208142771119       0.71560856495738323     
          22  -1.9538728458177561       0.71454917172563426     
          23  -1.8846942436297878       0.71335079999061657     
          24  -1.8137407264990089       0.71195965167061315     
          25  -1.7407508929352618       0.71030268598057222     
          26  -1.6651557093267204       0.70827646178004067     
          27  -1.5861484934982484       0.70572776959573191     
          28  -1.5026814563980533       0.70241805250742073     
          29  -1.4131574865505780       0.69795348806019675     
          30  -1.3153881285135030       0.69163571397949875     
          31  -1.2060126982799257       0.68210806433609161     
          32  -1.0799489127301718       0.66639822432274209     
          33 -0.92881008423724842       0.63688233431391506     
          34 -0.74225909861987405       0.57103535654085469     
          35 -0.54867617520388368       0.44710505751405288     
          36 -0.46821648542643834       0.40379085411106980     
          37 -0.43651491082899413       0.38443600180780563     
          38 -0.40822603124965068       0.36821056464480728     
          39 -0.38038936089321917       0.35291627958916610     
          40 -0.35325570906779868       0.33623729610478736     
          41 -0.32765447040375278       0.31246207049587310     
          42 -0.30561795474511444       0.26101863497833189     
          43 -0.29624969051996497       0.16306478078845874     
          44 -0.30476590546755394       0.14050099590857013     
          45 -0.31624959466402747       0.14008411803484516     
          46 -0.32709270888865866       0.13878823490936604     
          47 -0.33729020016191680       0.13758810898721938     
          48 -0.34675765516672924       0.13656835227649300     
          49 -0.35562952690537386       0.13569614669488705     
          50 -0.36385470155777644       0.13493894477038548     
          51 -0.37151024677627220       0.13427143295631908     
          52 -0.37860484212465523       0.13367421724452178     
          53 -0.38508700440902655       0.13313239502410773     
          54 -0.39112722205177797       0.13263447267611195     
          55 -0.39662485343249360       0.13217155843614831     
          56 -0.40157531448228323       0.13173675575759147     
          57 -0.40628849996391764       0.13132470380036274     
          58 -0.41048277788892390       0.13093122723651451     
          59 -0.41425363007856419       0.13055306809516953     
          60 -0.41783782866746050       0.13018767964595201     
          61 -0.42091562688072820       0.12983306747294418     
          62 -0.42385755340998393       0.12948766661307906     
          63 -0.42650513473541196       0.12915024636195621     
          64 -0.42896442307533905       0.12881983637417990     
          65 -0.43107473531972001       0.12849566919959593     
          66 -0.43281919086574017       0.12817713553721613     
          67 -0.43343235335774177       0.12786374935211617     
          68 -0.43692628314718490       0.12755512065714894     
          69 -0.43872752473146637       0.12725093426236117     
          70 -0.44026583743109809       0.12695093317867362     
          71 -0.44175222695217536       0.12665490565691112     
          72 -0.44302387837187840       0.12636267507009274     
          73 -0.44434010537540536       0.12607409202193762     
          74 -0.44496295284614673       0.12578902820000079     
          75 -0.44682991533469435       0.12550737159690070     
          76 -0.44792205227606685       0.12522902280477047     
          77 -0.44918866277041891       0.12495389215167638     
          78 -0.45016716170859000       0.12468189749837576     
          79 -0.45121730396025345       0.12441296255264714     
          80 -0.45225865408357141       0.12414701558882764     
          81 -0.45330916980012770       0.12388398848407080     
          82 -0.45417628667668741       0.12362381600160122     
          83 -0.45509712832917076       0.12336643526601403     
          84 -0.45620631850578514       0.12311178538730436     
          85 -0.45704474653805260       0.12285980719947756     
          86 -0.45804348445531923       0.12261044308686291     
          87 -0.45897930838513656       0.12236363687695748     
          88 -0.45977406016108596       0.12211933378315579     
          89 -0.46075554674856362       0.12187748038431598     
          90 -0.46169435402479087       0.12163802463090888     
          91 -0.46253733833766586       0.12140091586977006     
          92 -0.46346471412999324       0.12116610488120530     
          93 -0.46437876966943498       0.12093354392362329     
          94 -0.46521262569306787       0.12070318678195101     
          95 -0.46611241049108759       0.12047498881695980     
          96 -0.46692421008546164       0.12024890701331398     
          97 -0.46790752458809803       0.12002490002468176     
          98 -0.46865321681956063       0.11980292821467996     
          99 -0.46954920551061086       0.11958295369273368     
         100 -0.47043622124578421       0.11936494034420858     
         101 -0.47133696599697356       0.11914885385435850     
         102 -0.47227467362737519       0.11893466172579338     
         103 -0.47290033226176070       0.11872233328929047     
         104 -0.47131590586171840       0.11851183970787200     
         105 -0.47067456646840561       0.11830315397413627     
         106 -0.47169863186799821       0.11809625090090319     
         107 -0.47375096055697247       0.11789110710526392     
         108 -0.47695142690939779       0.11768770098617706     
         109 -0.47815119286631058       0.11748601269577921     
         110 -0.47906762177863937       0.11728602410460195     
         111 -0.47982318280998354       0.11708771876091716     
         112 -0.48073278805610020       0.11689108184444774     
         113 -0.48107665735286448       0.11669610011470215     
         114 -0.48206979714546494       0.11650276185421221     
         115 -0.48290757242888938       0.11631105680696353     
         116 -0.48387209431409517       0.11612097611233149     
         117 -0.48469677126026950       0.11593251223484417     
         118 -0.48543673315399483       0.11574565889011926     
         119 -0.48628842649118403       0.11556041096731832     
         120 -0.48642054487787317       0.11537676444849114     
         121 -0.48756924940974200       0.11519471632518814     
         122 -0.48836883286549609       0.11501426451272331     
         123 -0.48932022886800153       0.11483540776248624     
         124 -0.48998403455145928       0.11465814557270518     
         125 -0.49072670355258186       0.11448247809806816     
         126 -0.49144646525864449       0.11430840605861090     
         127 -0.49208083640852274       0.11413593064827977     
         128 -0.49282990926662196       0.11396505344357979     
         129 -0.49353259495906204       0.11379577631270611     
         130 -0.49412591497694391       0.11362810132556365     
         131 -0.49476625115083211       0.11346203066505096     
         132 -0.49535959532730289       0.11329756653999137     
         133 -0.49600764421573384       0.11313471110007217     
         134 -0.49578772002672677       0.11297346635313421     
         135 -0.49612899402593441       0.11281383408514382     
         136 -0.49758142494739771       0.11265581578315187     
         137 -0.49827802113173375       0.11249941256152869     
         138 -0.49877540216272526       0.11234462509173831     
         139 -0.49945041520159927       0.11219145353588679     
         140 -0.49976020846162045       0.11203989748426708     
         141 -0.49829131463187232       0.11188995589707808     
         142 -0.49897181664499757       0.11174162705048486     
         143 -0.50113461425947070       0.11159490848714877     
         144 -0.50181332626612685       0.11144979697134035     
         145 -0.50235173400444155       0.11130628844869908     
         146 -0.50278868710619751       0.11116437801070707     
         147 -0.50327099793791008       0.11102405986388805     
         148 -0.50351683318119245       0.11088532730373359     
         149 -0.50343849910778882       0.11074817269332742     
         150 -0.50447810212122735       0.11061258744662023     
         151 -0.50491980488004296       0.11047856201626950     
         152 -0.50543044617191690       0.11034608588595247     
         153 -0.50577278152406280       0.11021514756703621     
         154 -0.50606691401124693       0.11008573459945971     
         155 -0.50634714766166011       0.10995783355667582     
         156 -0.50590557060316133       0.10983143005448154     
         157 -0.50665410436226943       0.10970650876355317     
         158 -0.50749810025832687       0.10958305342547815     
         159 -0.50778578762977356       0.10946104687208795     
         160 -0.50816442922694205       0.10934047104785993     
         161 -0.50852717872998687       0.10922130703517065     
         162 -0.50888282434705367       0.10910353508216855     
         163 -0.50914465787021790       0.10898713463302319     
         164 -0.50940559325868395       0.10887208436032102     
         165 -0.50961617880758892       0.10875836219936748     
         166 -0.50997107159944066       0.10864594538415144     
         167 -0.51051072732829283       0.10853481048474473     
         168 -0.51077719477980466       0.10842493344589808     
         169 -0.51109745931708928       0.10831628962660705     
         170 -0.51137714774130016       0.10820885384042862     
         171 -0.51133000017231622       0.10810260039633103     
         172 -0.50980882049820175       0.10799750313986974     
         173 -0.50883359097551417       0.10789353549449200     
         174 -0.50913423466323160       0.10779067050277956     
         175 -0.51032086480640260       0.10768888086745293     
         176 -0.51210579419792690       0.10758813899196117     
         177 -0.51342290488352049       0.10748841702050949     
         178 -0.51369838942740409       0.10738968687736763     
         179 -0.51418804768283233       0.10729192030532815     
         180 -0.51444837588936276       0.10719508890318884     
         181 -0.51488763012472649       0.10709916416214603     
         182 -0.51436497025976768       0.10700411750099598     
         183 -0.51462142947083078       0.10690992030005204     
         184 -0.51517802113084621       0.10681654393370410     
         185 -0.51602585804182211       0.10672395980154009     
         186 -0.51661382880248441       0.10663213935797873     
         187 -0.51717481003182164       0.10654105414036305     
         188 -0.51760770657156319       0.10645067579547073     
         189 -0.51786924425400116       0.10636097610441547     
         190 -0.51826312564730270       0.10627192700591438     
         191 -0.51853517473735344       0.10618350061790847     
         192 -0.51871791951835222       0.10609566925753139     
         193 -0.51886465187057440       0.10600840545942435     
         194 -0.51901500327819061       0.10592168199240755     
         195 -0.51986480468792817       0.10583547187451968     
         196 -0.52069432371177371       0.10574974838644699     
         197 -0.52112854790413665       0.10566448508336226     
         198 -0.52167375493155987       0.10557965580520852     
         199 -0.52214511771433980       0.10549523468545334     
         200 -0.52270464144768836       0.10541119615835726     
