           1  -3.8713398710110094       0.92194154672053041     
           2  -2.6304023068152076       0.85084099021379456     
           3  -1.5217669082801673       0.73328312252928129     
           4  -1.6736283368650036       0.73125201431351794     
           5  -1.9141800436212812       0.72814155251835699     
           6  -2.1716494828325570       0.72571953043093318     
           7  -2.4537460364818773       0.72386160867006133     
           8  -2.7996853189520476       0.72241821307983445     
           9  -3.5193039199911493       0.72127172199922795     
          10  -3.4341838396487909       0.72033059146399459     
          11  -3.1686863239937764       0.71952121581598749     
          12  -2.9739206049310543       0.71878043660475954     
          13  -2.8048216898689464       0.71804897318493732     
          14  -2.6493803737232304       0.71726526791480838     
          15  -2.5019565411627513       0.71635888171138273     
          16  -2.3591399853862844       0.71524221729857163     
          17  -2.2184320190098759       0.71379873042601816     
          18  -2.0777882678168633       0.71186471768764248     
          19  -1.9352252255185953       0.70920017202444041     
          20  -1.7893853949447620       0.70544267684391604     
          21  -1.6393569782748760       0.70004025788944335     
          22  -1.4855762756471331       0.69217696222031744     
          23  -1.3314272796899267       0.68077040328043015     
          24  -1.1837131063308919       0.66475436416958178     
          25  -1.0532498704104885       0.64379502128210331     
          26 -0.95100236705834440       0.61838781670998255     
          27 -0.88259999521341936       0.58659059897804422     
          28 -0.69053522363917830       0.53374748110724213     
          29 -0.23071883273402577       0.45807495833478573     
          30 -0.11038007179821790        1.0868336896156003     
          31  -9.6856727857261571E-002   1.2710671395574518     
          32  -9.1117612185605601E-002   1.3091633519880117     
          33  -8.7432445057639752E-002   1.3056258302087287     
          34  -8.4454887218434804E-002   1.2927596728727331     
          35  -8.1628526049481592E-002   1.2794938996167975     
          36  -7.8789716606369464E-002   1.2666898943534439     
          37  -7.5891658938690737E-002   1.2521092354537888     
          38  -7.3014320074897540E-002   1.2327396219623667     
          39  -7.0098337548546275E-002   1.2099366129399081     
          40  -6.8243977889355878E-002   1.1998565265779044     
          41  -6.6780158588555294E-002   1.1953658705245136     
          42  -6.5726483104183386E-002   1.1980202661399288     
          43  -6.4964968239479629E-002   1.2019423186956539     
          44  -6.4472990249800285E-002   1.2049816575733239     
          45  -6.4008460549720481E-002   1.2065727160643931     
          46  -6.3730345096437602E-002   1.2070370776763923     
          47  -6.3291450405383226E-002   1.2068336900262469     
          48  -6.2652451654032770E-002   1.2039759265018177     
          49  -6.1200952373307298E-002   1.1946305003984716     
          50  -5.7995703788555016E-002   1.1686492200278806     
          51  -5.3108190458722344E-002   1.1385631510236740     
          52  -5.3188624431893809E-002   1.1803770646671017     
          53  -5.8939612425591634E-002   1.1929455091230603     
          54  -5.8075047360860610E-002   1.0838233724293365     
          55  -4.8157420600035528E-002  0.81857005133796246     
          56  -8.1625859738736900E-002  0.67464269173192604     
          57 -0.10617840692057121       0.64087244417927358     
          58  -9.4117043779834403E-002  0.68073613500429198     
          59  -7.9134595032828658E-002  0.74615581641317008     
          60  -8.2877542197413806E-002  0.78196618220073910     
          61 -0.11252428695633718       0.77517933890425084     
          62 -0.11778436315403537       0.77923893674828937     
          63  -8.6896554417169189E-002  0.76811922787145837     
          64  -5.6572133055434515E-002  0.75937054762499090     
          65  -3.1189538060021470E-002  0.77789824669023055     
          66  -1.2400296709882462E-002  0.80667445334808874     
          67   1.0300371784890403E-003  0.76118763402954726     
          68  -1.3458363129384451E-003  0.56285979194465185     
          69  -2.0284428605768737E-004  0.53929756449349242     
          70   2.9177015751521100E-004  0.55301615114221570     
          71  -7.4743989633730508E-003  0.55212394180200897     
          72  -1.7491628303706076E-002  0.57528971451789968     
          73  -2.5670363972709411E-002  0.62150093341804491     
          74  -3.3662925915901802E-002  0.68208674123203539     
          75  -4.1929030740045010E-002  0.74190246543912153     
          76  -4.5021174902845136E-002  0.79529102948709074     
          77  -4.5317877170147007E-002  0.84140675025298250     
          78  -4.4777596764025838E-002  0.87932243990007597     
          79  -4.4487379673985521E-002  0.90830922626607624     
          80  -4.5271962715183967E-002  0.93307680477862009     
          81  -4.7859420593795554E-002  0.96411401038875444     
          82  -5.0846847419320162E-002   1.0082786823051957     
          83  -5.2954309987135469E-002   1.0573477833909439     
          84  -5.3151748037943689E-002   1.0882676251301555     
          85  -5.1302897662184245E-002   1.0850287228124900     
          86  -5.0706699343224360E-002   1.1240119245384905     
          87  -5.0528035746796839E-002   1.1510924495847807     
          88  -4.6828136462139923E-002   1.1697948823528961     
          89  -3.9329227009514231E-002   1.1870687545557157     
          90  -2.8962626475974397E-002   1.2063103603335628     
          91  -1.7861486060035497E-002   1.2239805637279904     
          92  -9.3606954435212289E-003   1.2364691582708933     
          93  -3.7635635244421040E-003   1.2386108046672843     
          94  -1.8455294189348704E-003   1.2219416233670688     
          95  -3.2296076297402133E-003   1.1985506976323972     
          96  -6.8353034634054451E-003   1.1705818030782986     
          97  -1.2437311193145834E-002   1.1353733772259171     
          98  -2.0104878154776542E-002   1.0880279174084064     
          99  -3.5062996713325308E-002   1.1101763586956095     
         100  -3.6534469926607284E-002  0.99352664379077082     
