           1  -3.6685316284311065       0.92314066660039895     
           2  -2.9591814444036202       0.85797983383754894     
           3  -1.5811538570410353       0.73230137111527216     
           4  -1.7641107720660771       0.72952764203629972     
           5  -2.0324642753786231       0.72660153647253023     
           6  -2.3403879828039198       0.72433401063485781     
           7  -2.7663130698580436       0.72255121633439578     
           8  -3.1663159526505393       0.72109292321407326     
           9  -2.8898717834091689       0.71982595407960381     
          10  -2.6714545410284485       0.71863166684385260     
          11  -2.4796925902536486       0.71739152732938227     
          12  -2.3039364414956256       0.71596965627166564     
          13  -2.1366762348206811       0.71418764297092741     
          14  -1.9721267395274613       0.71178110081684576     
          15  -1.8053156997261721       0.70831424091125406     
          16  -1.6312256761799808       0.70299569000228534     
          17  -1.4445356675564958       0.69425327063252007     
          18  -1.2406982685158658       0.67871830781760256     
          19  -1.0203465141280024       0.64893573105549962     
          20 -0.80611502201863805       0.58807154082406787     
          21 -0.33175439280884544       0.47247209631885240     
          22 -0.15033310297391136       0.34605548294161781     
          23 -0.12047051101478629       0.29310477178693417     
          24 -0.12311159584300237       0.24662637762593520     
          25 -0.14261211510196142       0.18945611369282117     
          26 -0.18051509033813862       0.15674850124588027     
          27 -0.22813396872728467       0.15364540736032931     
          28 -0.24001715831030687       0.15207678465439786     
          29 -0.23733586029704376       0.15010625908380959     
          30 -0.23014800099417421       0.14814968494442404     
          31 -0.22594261533012278       0.14628405285278534     
          32 -0.21960239783919222       0.14451803909924765     
          33 -0.21412905340495300       0.14285028365367977     
          34 -0.20967458892909602       0.14127721433393756     
          35 -0.20640391216910864       0.13979392457936324     
          36 -0.20392817543025163       0.13839431820672649     
          37 -0.20250915289234064       0.13707130526783534     
          38 -0.20058023489464191       0.13581709130344691     
          39 -0.19966138670765912       0.13462350117156599     
          40 -0.19861004271601834       0.13348227723014702     
          41 -0.19775355914119092       0.13238531121375022     
          42 -0.19745353427857298       0.13132479118235812     
          43 -0.19707313467002482       0.13029326211570777     
          44 -0.19580624493702767       0.12928360870153130     
          45 -0.19307456143892829       0.12828897212384388     
          46 -0.18805774279495710       0.12730261091300069     
          47 -0.18426974553689138       0.12631771096603675     
          48 -0.18092512780539044       0.12532714307640722     
          49 -0.17780757986177098       0.12432315872923570     
          50 -0.17464672861887826       0.12329700726161269     
          51 -0.17133429148459395       0.12223845015703630     
          52 -0.16783925768985092       0.12113514171235455     
          53 -0.16397994852946404       0.11997184390634763     
          54 -0.15972961189373266       0.11872946609143165     
          55 -0.15499029228782846       0.11738402411906385     
          56 -0.14969649036475677       0.11590595521751805     
          57 -0.14380094305062849       0.11426123923490733     
          58 -0.13721529860734644       0.11241854114213544     
          59 -0.13002311926398491       0.11037276388905305     
          60 -0.12253374549513625       0.10820179529837153     
          61 -0.11533476012797050       0.10614380224023494     
          62 -0.10934058944364103       0.10450932552708328     
          63 -0.10512063316763172       0.10328236927400193     
          64 -0.10270013484125193       0.10221512267682081     
          65 -0.10158440781336914       0.10115625231690134     
          66 -0.10122750815112648       0.10007685814348735     
          67 -0.10134175037155287        9.8996793709054037E-002
          68 -0.10176090796552999        9.7941645876047007E-002
          69 -0.10242311062822505        9.6926447989499814E-002
          70 -0.10329286077166334        9.5954514156416912E-002
          71 -0.10439352153509869        9.5024119612209301E-002
          72 -0.10570673960896444        9.4130783898060372E-002
          73 -0.10718416624951310        9.3268640866704819E-002
          74 -0.10886771946513300        9.2431622053063489E-002
          75 -0.11083978335456791        9.1614117689307106E-002
          76 -0.11315315070541598        9.0811262454166777E-002
          77 -0.11577384207973461        9.0019040146628426E-002
          78 -0.11871433475733836        8.9234320272596881E-002
          79 -0.12248147763577633        8.8454879938586209E-002
          80 -0.12598670878020546        8.7679431997118487E-002
          81 -0.13030351542869392        8.6907663296350579E-002
          82 -0.13555560629962357        8.6140277724390646E-002
          83 -0.14051396017061207        8.5379033635543694E-002
          84 -0.14549041664182008        8.4626762301037398E-002
          85 -0.14995640235024446        8.3887352409599783E-002
          86 -0.15188119142926479        8.3165684868059753E-002
          87 -0.15343324640835004        8.2467501108381386E-002
          88 -0.15313386489512626        8.1799183832704292E-002
          89 -0.15211974407287582        8.1167416584160212E-002
          90 -0.15016281855110916        8.0578666405317190E-002
          91 -0.14781267625850647        8.0038433445154822E-002
          92 -0.14458335571715444        7.9550343326122458E-002
          93 -0.14230981646720237        7.9115467945870918E-002
          94 -0.13994152796497819        7.8732338232970434E-002
          95 -0.13732990092588412        7.8397605244375737E-002
          96 -0.13550286548865914        7.8106864951346555E-002
          97 -0.13398638318706851        7.7855300426123653E-002
          98 -0.13257188093855266        7.7638090084623135E-002
          99 -0.13155099120956903        7.7450647509345286E-002
         100 -0.13039431654764597        7.7288755377774715E-002
