           1  -4.1680187664692943       0.92384667980504309     
           2  -3.3272220591916573       0.87680898029482690     
           3  -1.6071931402209427       0.73278161554842247     
           4  -1.7122312824601287       0.72990707739612404     
           5  -1.9571605776835770       0.72707179858577509     
           6  -2.2287008569732460       0.72480933886831800     
           7  -2.5500921983652169       0.72304271129819231     
           8  -3.1535013636072025       0.72164142317999036     
           9  -3.2417059601742011       0.72049381908649879     
          10  -3.0622448297632099       0.71950434626631488     
          11  -2.8739750693409523       0.71858660385218209     
          12  -2.6963602082860127       0.71765500551963657     
          13  -2.5272705824391863       0.71661524387501463     
          14  -2.3641982079573394       0.71535232596508946     
          15  -2.2042893820725777       0.71371331224636436     
          16  -2.0452030688641587       0.71147893684998720     
          17  -1.8834926629838007       0.70831196725891088     
          18  -1.7191016190717165       0.70365593548922667     
          19  -1.5471217402137361       0.69652535949959971     
          20  -1.3666438372923917       0.68505998213838859     
          21  -1.1786455202333210       0.66563246828833056     
          22 -0.99200210925564825       0.63150203385661396     
          23 -0.83441127442081786       0.56980965390792582     
          24 -0.30857615221842777       0.43937280926232558     
          25 -0.14403790386714296       0.40900830734369686     
          26 -0.12336038861202786       0.39515860120086155     
          27 -0.11966773150657814       0.37687937432171009     
          28 -0.11980227091405922       0.35542823039263183     
          29 -0.12137746677791514       0.33017967425198352     
          30 -0.12453089992612559       0.29958693886308274     
          31 -0.13053404429931226       0.26192940661091829     
          32 -0.14270156876830151       0.21743805153763565     
          33 -0.17096682229096921       0.17623187993254349     
          34 -0.20797260739120241       0.16112299644022271     
          35 -0.18866433396397644       0.16263110822623311     
          36 -0.18176371131169503       0.16443891006507694     
          37 -0.17562780680253368       0.16410885194143796     
          38 -0.17170294278473466       0.16300788356568979     
          39 -0.16914129710801667       0.16224777255894779     
          40 -0.17252007739746203       0.16271123380910690     
          41 -0.17981456969229587       0.16514892148236920     
          42 -0.16256641349869580       0.16840094010713583     
          43 -0.13984498582420626       0.16803828252837510     
          44 -0.13922851772017419       0.16491996494916511     
          45 -0.13439417202864790       0.16237906003190924     
          46 -0.13475024656987580       0.16073217337354248     
          47 -0.13704708344344671       0.15965691063327092     
          48 -0.14029350647655559       0.15891836308705937     
          49 -0.14388917973333767       0.15837104543818389     
          50 -0.14762081385656584       0.15792680796475805     
          51 -0.15067350113427649       0.15753891862989222     
          52 -0.15283161493094802       0.15719694187837757     
          53 -0.15486329040588148       0.15692956818275119     
          54 -0.15738475925051670       0.15681110581914984     
          55 -0.16004403848847706       0.15696239295956085     
          56 -0.16360090252172171       0.15753493720914161     
          57 -0.16823192966719397       0.15867390784695770     
          58 -0.17376938527564167       0.16047278887498334     
          59 -0.18140603880487302       0.16294632644518472     
          60 -0.19344448644770398       0.16603654587904720     
          61 -0.20251108509161989       0.16963565854602816     
          62 -0.21392581421542292       0.17359290994356993     
          63 -0.22890906834915267       0.17769831910670184     
          64 -0.24995218157923776       0.18167852462650749     
          65 -0.27766596206200833       0.18519370410295691     
          66 -0.29242870667240306       0.18778592309904277     
          67 -0.28076200851607469       0.18873643099618245     
          68 -0.27173246968942005       0.18710631745654355     
          69 -0.26612274792776980       0.18281659068953438     
          70 -0.25458541067163709       0.17755835225805247     
          71 -0.25399952469397979       0.17331087770203982     
          72 -0.24466962512769777       0.17129399214194804     
          73 -0.23580812062372611       0.17211762321705090     
          74 -0.22205499882934823       0.17470006386765030     
          75 -0.21191452430310490       0.17735636401538982     
          76 -0.21129872479119297       0.17956004957931657     
          77 -0.21312041596992529       0.18127651228150013     
          78 -0.21699718853573710       0.18251865774850060     
          79 -0.22800485368708884       0.18335161531805697     
          80 -0.22817901831007859       0.18386008897221978     
          81 -0.21738385207998576       0.18413522794601750     
          82 -0.20352255070785230       0.18437156999518881     
          83 -0.19557286130966822       0.18477994698457867     
          84 -0.19574353089526839       0.18567675697178945     
          85 -0.21125589997749558       0.18802059126482890     
          86 -0.21721799910241077       0.19400346769327681     
          87 -0.20071130155456554       0.20599352644554289     
          88 -0.44792974831625676       0.67730730771353642     
          89 -0.34608654516781240       0.73944465477354515     
          90 -0.40110488330771327        2.9194041763363967     
          91 -0.60779275793444199        6.4035464480195348     
          92 -0.71762710744776703        8.1167164575480033     
          93 -0.88198398996344474        10.168463756966471     
          94 -0.89713738948494659        10.590147138906199     
          95 -0.89807078309169097        10.879648805774741     
          96 -0.87884809885689763        11.037730829356388     
          97   1.3629889904327805E-002  0.71910293297316275     
          98  -8.0290105322573788E-002  0.71055931134142969     
          99 -0.41162696228986750       0.77738686721178840     
         100  -1.4180341045573188       0.89494254432017684     
