           1  -3.7758536195016963       0.92288699724133871     
           2  -2.7250859702396601       0.85314684225932791     
           3  -1.5797283489204159       0.73176305837187972     
           4  -1.7447859978265341       0.72917557453118453     
           5  -1.9800741378938660       0.72640219140496654     
           6  -2.2310380839295121       0.72422038404652178     
           7  -2.5284433375436883       0.72248028620580984     
           8  -3.1756991024234607       0.72103505915231902     
           9  -3.0576158817213663       0.71975889030737428     
          10  -2.7927040695153540       0.71853639283840454     
          11  -2.5678537191328865       0.71724925830156472     
          12  -2.3677648711470445       0.71575906103163323     
          13  -2.1822293867274380       0.71388104763970439     
          14  -2.0033156346492289       0.71133629650449193     
          15  -1.8262780704845074       0.70765073983618876     
          16  -1.6430986328833379       0.70191423468605940     
          17  -1.4434730507382987       0.69212996244312064     
          18  -1.2296673911179490       0.67322311249781774     
          19 -0.98045863113548704       0.63090321734894050     
          20 -0.74411929800205368       0.53783323899464275     
          21 -0.29628165349723640       0.44269903874456018     
          22 -0.16315005393795351       0.33725820767833359     
          23 -0.14050604679738574       0.29787801710742579     
          24 -0.14390254788934906       0.25122866180327519     
          25 -0.16909681125301596       0.19165516654747874     
          26 -0.23584586295849283       0.15411783783754229     
          27 -0.25135576563765688       0.14824492695450692     
          28 -0.23812797645513015       0.14558689189556070     
          29 -0.23471385999497293       0.14317547349682500     
          30 -0.23428768897009933       0.14118456629004825     
          31 -0.23379036245675877       0.13955803692312790     
          32 -0.23252076661918977       0.13820178483624423     
          33 -0.23264916311417330       0.13703891909039537     
          34 -0.23421283002771603       0.13601362841245257     
          35 -0.23697017350508337       0.13508675179038590     
          36 -0.24059658954512086       0.13423102056112815     
          37 -0.24640897903790571       0.13342739949326554     
          38 -0.25463249985458303       0.13266250918059588     
          39 -0.25517859109816859       0.13192685856410974     
          40 -0.25869092957798845       0.13121364232732888     
          41 -0.26496883255395187       0.13051792313724284     
          42 -0.27240075693661481       0.12983607404660852     
          43 -0.26553996723441209       0.12916539647457745     
          44 -0.26324920758569759       0.12850385683386142     
          45 -0.26395198474775550       0.12784990357026588     
          46 -0.26619181402483755       0.12720233893302416     
          47 -0.27128285746651543       0.12656022820634161     
          48 -0.26972625505057085       0.12592283476585825     
          49 -0.27409579274182089       0.12528957309187308     
          50 -0.27285794085726639       0.12465997438942369     
          51 -0.27315292589593976       0.12403366115031876     
          52 -0.27670746235682875       0.12341032812437668     
          53 -0.28016389790305246       0.12278972793317650     
          54 -0.27619485852794534       0.12217166008238757     
          55 -0.27698779322975559       0.12155596248870618     
          56 -0.28347663288559977       0.12094250488732282     
          57 -0.28222064834632249       0.12033118366066052     
          58 -0.27965519229677732       0.11972191775217343     
          59 -0.27408213478680632       0.11911464541619791     
          60 -0.27207666790026980       0.11850932161713604     
          61 -0.27458617927832529       0.11790591593612097     
          62 -0.27177688639495123       0.11730441087619119     
          63 -0.26802719246086310       0.11670480048148904     
          64 -0.26927175688342198       0.11610708920474760     
          65 -0.27098513600607660       0.11551129097196905     
          66 -0.26858541767264688       0.11491742840481650     
          67 -0.26580926388143822       0.11432553217041548     
          68 -0.26578539147015667       0.11373564043521681     
          69 -0.26513150863189217       0.11314779840446032     
          70 -0.26180119423466575       0.11256205793179654     
          71 -0.25984315954338405       0.11197847718497923     
          72 -0.25869837383094690       0.11139712035386513     
          73 -0.25683508448902642       0.11081805738680629     
          74 -0.25462866440809617       0.11024136374155735     
          75 -0.25202890733085442       0.10966712013755330     
          76 -0.25103391185854812       0.10909541229802458     
          77 -0.24940292681474471       0.10852633067286321     
          78 -0.24750356666621195       0.10795997013612650     
          79 -0.24478107024800361       0.10739642965516702     
          80 -0.24284254562655677       0.10683581193125530     
          81 -0.24121336718441241       0.10627822301389676     
          82 -0.23938332804256071       0.10572377189271050     
          83 -0.23618960628878513       0.10517257007175825     
          84 -0.23318750223659451       0.10462473113158181     
          85 -0.23205297094485799       0.10408037028413776     
          86 -0.23083557738919236       0.10353960392538934     
          87 -0.22907446891576858       0.10300254918969261     
          88 -0.22719279221966426       0.10246932350937604     
          89 -0.22510961148615907       0.10194004418214943     
          90 -0.22216495572322228       0.10141482794823214     
          91 -0.21986129766958490       0.10089379057839017     
          92 -0.21852052137912742       0.10037704647343682     
          93 -0.21635377603752570        9.9864708275171549E-002
          94 -0.21458057281865131        9.9356886488233528E-002
          95 -0.21274958173430472        9.8853689111893642E-002
          96 -0.21084805628828818        9.8355221280447297E-002
          97 -0.20870647721514482        9.7861584910545960E-002
          98 -0.20650796454209097        9.7372878353575193E-002
          99 -0.20447843189984213        9.6889196050979579E-002
         100 -0.20189978970837297        9.6410628190351982E-002
