           1  -3.8879690683054053       0.92291479137935117     
           2  -2.7379740766007425       0.85338019091284723     
           3  -1.5705313476476437       0.73193968771418294     
           4  -1.7381051553165539       0.72937756632491857     
           5  -1.9830457965640547       0.72654238226096324     
           6  -2.2570524740523279       0.72428848422614889     
           7  -2.6256578890380644       0.72246850912545291     
           8  -3.1249460341532656       0.72093027964447221     
           9  -2.8327621800632832       0.71954090414351468     
          10  -2.6310706560014605       0.71817943870301160     
          11  -2.4517566229155539       0.71672729344872677     
          12  -2.2845651554248638       0.71505702363176449     
          13  -2.1265003618842662       0.71301630018720807     
          14  -1.9722512938681473       0.71039813624884762     
          15  -1.8146532067934478       0.70687656680043309     
          16  -1.6613014911122017       0.70185803349878040     
          17  -1.4915665136203862       0.69411463818962971     
          18  -1.3161293470098974       0.68077364688109809     
          19  -1.1120314366988548       0.65407748187976877     
          20 -0.88116337092289754       0.58965015736675541     
          21 -0.31961721477149213       0.45148417563932225     
          22 -0.17840530024802095       0.39845792754543424     
          23 -0.13941501515232899       0.37437476940395248     
          24 -0.12157593398684287       0.35252286913679581     
          25 -0.11528685609644297       0.32519835300657290     
          26 -0.12142953129209810       0.27946437421837222     
          27 -0.18603228556467744       0.18510769477333600     
          28 -0.17394322242839097       0.16067377011116410     
          29 -0.16349768547438442       0.15433694479874310     
          30 -0.15591775468829006       0.14966365540858725     
          31 -0.15170877608046501       0.14630369270114590     
          32 -0.14891938088091838       0.14379327189723398     
          33 -0.14719020924756043       0.14182423697035834     
          34 -0.14593327906770684       0.14019732320525105     
          35 -0.14489620536851844       0.13878749806951288     
          36 -0.14422693214636390       0.13751624277647775     
          37 -0.14396093217333905       0.13633343164427372     
          38 -0.14343340054248407       0.13520635863124597     
          39 -0.14238013258565169       0.13411310209245389     
          40 -0.14172681403728424       0.13303847666179838     
          41 -0.14098630770552895       0.13197154890237778     
          42 -0.14023638947854924       0.13090411027522175     
          43 -0.13929398531135109       0.12982973899459579     
          44 -0.13831089545128930       0.12874321562580124     
          45 -0.13731103800919686       0.12764014354138711     
          46 -0.13667417673493978       0.12651672719069856     
          47 -0.13551855083758702       0.12536974776012663     
          48 -0.13465346750302171       0.12419672226566872     
          49 -0.13373663931986207       0.12299614617983988     
          50 -0.13255369371493148       0.12176775610503067     
          51 -0.13145167532270904       0.12051279051637565     
          52 -0.13050538688627075       0.11923419878261536     
          53 -0.12958161139969729       0.11793675270258683     
          54 -0.12856955158498554       0.11662727386168280     
          55 -0.12754215167164906       0.11531557493557539     
          56 -0.12657044459754599       0.11401531901788259     
          57 -0.12590046712138750       0.11273901192335319     
          58 -0.12511923246441148       0.11149613148969434     
          59 -0.12458681234525813       0.11029909921051653     
          60 -0.12420192145606451       0.10916150727508250     
          61 -0.12392341868635562       0.10809483604965896     
          62 -0.12357493536801215       0.10710868837312809     
          63 -0.12361072592156171       0.10620704848713811     
          64 -0.12359304673808927       0.10538442643784615     
          65 -0.12356420205425554       0.10463604739895419     
          66 -0.12406138998722775       0.10395646514156547     
          67 -0.12524287477310983       0.10333843219741200     
          68 -0.12695794469193944       0.10277317606082295     
          69 -0.12919193084227501       0.10225159849684101     
          70 -0.13195030563118754       0.10176536876109607     
          71 -0.13481843306120156       0.10130745013193176     
          72 -0.13899967194314605       0.10087223721644925     
          73 -0.14277075933672256       0.10045546917814048     
          74 -0.14457709476360922       0.10005401977951442     
          75 -0.14674872385563903        9.9665646436666089E-002
          76 -0.14828035150717631        9.9288757212108808E-002
          77 -0.15125911988301144        9.8922225467533459E-002
          78 -0.15270563179424582        9.8565258413613646E-002
          79 -0.15410609110488066        9.8217312723503924E-002
          80 -0.15503321865180925        9.7878045961352564E-002
          81 -0.15603710061695925        9.7547293050779152E-002
          82 -0.15593731817885670        9.7225059295771590E-002
          83 -0.15631144010674203        9.6911523843917061E-002
          84 -0.15616059015859912        9.6607049272394940E-002
          85 -0.15479060197672770        9.6312194076987018E-002
          86 -0.15387163165482845        9.6027725387414525E-002
          87 -0.15200914926647419        9.5754629415909981E-002
          88 -0.15015297010656037        9.5494117164292194E-002
          89 -0.14828358524294344        9.5247622940362847E-002
          90 -0.14648802226881041        9.5016793411748096E-002
          91 -0.14410039869640762        9.4803465359694625E-002
          92 -0.14278790602342947        9.4609631031813940E-002
          93 -0.14194505488979292        9.4437390992246337E-002
          94 -0.14158719594974351        9.4288895493731206E-002
          95 -0.14170755715796365        9.4166276428533868E-002
          96 -0.14150215874180436        9.4071572600617673E-002
          97 -0.14169573797773613        9.4006651193892579E-002
          98 -0.14179315757842170        9.3973127817962021E-002
          99 -0.14139787592823502        9.3972286507238226E-002
         100 -0.14099520933346146        9.4004999830740843E-002
