           1  -4.0274757106261143       0.92062797414929709     
           2  -2.5039035615373755       0.81956557016718179     
           3  -1.6266595187688153       0.73077603627470655     
           4  -1.8253105092240896       0.72827804650082573     
           5  -2.0740168012997944       0.72573955487029551     
           6  -2.3419587161514515       0.72376565393643300     
           7  -2.6542969386005879       0.72222372304797289     
           8  -3.1522411730243878       0.72099189145559406     
           9  -3.3259822464961579       0.71996947780358944     
          10  -3.0816170834686933       0.71907037027260690     
          11  -2.8696643064782674       0.71821480100886237     
          12  -2.6772568092128881       0.71732002329080546     
          13  -2.4993004868399953       0.71628867830575305     
          14  -2.3297423218000262       0.71499166762677802     
          15  -2.1634733340142827       0.71323868818091118     
          16  -1.9957335797523266       0.71072116753453107     
          17  -1.8218287101353809       0.70689113498318623     
          18  -1.6361467952962570       0.70068247840479181     
          19  -1.4328128462137173       0.68981792253909047     
          20  -1.2070691715853621       0.66895696374093960     
          21 -0.96283502414999445       0.62431479207691687     
          22 -0.70407512721240673       0.51003785445887173     
          23 -0.17885798474826434       0.35735107640482044     
          24 -0.13357033447055444       0.31260766670319584     
          25 -0.12362398704954138       0.26948590812259637     
          26 -0.13402850913171388       0.21037479547993956     
          27 -0.17426983340454091       0.15520961080491780     
          28 -0.20696301969831621       0.14798173245505367     
          29 -0.18974374943303454       0.14705941275009554     
          30 -0.18253522944176345       0.14558324363086364     
          31 -0.17633270947044172       0.14397549667014528     
          32 -0.17058824697476435       0.14234180609354283     
          33 -0.16497097166910377       0.14071551442279798     
          34 -0.15982024630490874       0.13910903230949237     
          35 -0.15511881164085814       0.13752514685173253     
          36 -0.15067145533929832       0.13596223442196309     
          37 -0.14680646920540782       0.13441705160556297     
          38 -0.14291343055922759       0.13288618654803022     
          39 -0.13935999309120675       0.13136676143842060     
          40 -0.13585106627188656       0.12985669429538960     
          41 -0.13273562541672437       0.12835468352658344     
          42 -0.12961778912406613       0.12686002511150982     
          43 -0.12677729901883922       0.12537235011550910     
          44 -0.12443756178197471       0.12389135230390680     
          45 -0.12178096102554264       0.12241656742989011     
          46 -0.11955016081595525       0.12094726652821941     
          47 -0.11703298691956361       0.11948251469971710     
          48 -0.11497184666846912       0.11802142036012489     
          49 -0.11296324754544602       0.11656352953091517     
          50 -0.11117821228863185       0.11510900578499936     
          51 -0.11008931511477146       0.11365827564373818     
          52 -0.10861232055668921       0.11221283543874462     
          53 -0.10696738585782840       0.11077753982743152     
          54 -0.10535980646101623       0.10936171299742647     
          55 -0.10396662541772031       0.10798005459963830     
          56 -0.10282333514549893       0.10665635415129331     
          57 -0.10156529262911371       0.10542044492235342     
          58 -0.10057022180981509       0.10428750401152029     
          59  -9.8730832390983098E-002  0.10326723779642445     
          60  -9.6858779614953136E-002  0.10236302746516221     
          61  -9.5917960498767302E-002  0.10157621322141373     
          62  -9.4489521453733738E-002  0.10090490124154923     
          63  -9.3535612974385951E-002  0.10034304819975336     
          64  -9.2658274770337209E-002   9.9880024348322369E-002
          65  -9.2461307224355860E-002   9.9501362248408720E-002
          66  -9.1522732799764223E-002   9.9190994380613060E-002
          67  -9.1442196922602983E-002   9.8933432225339582E-002
          68  -9.1384307347885663E-002   9.8715080359680629E-002
          69  -9.1347784512599811E-002   9.8525071477851611E-002
          70  -9.1498318316947602E-002   9.8355381852356871E-002
          71  -9.1819809498385474E-002   9.8200308173476816E-002
          72  -9.2148617472441088E-002   9.8055826328655879E-002
          73  -9.2565047932115951E-002   9.7919080600343600E-002
          74  -9.3072107922897399E-002   9.7788025041820451E-002
          75  -9.3605111364057331E-002   9.7661181246041964E-002
          76  -9.4112830826449459E-002   9.7537475862387771E-002
          77  -9.4684530093864239E-002   9.7416130550322805E-002
          78  -9.5199856090877527E-002   9.7296585881593539E-002
          79  -9.5755037986220246E-002   9.7178447239303453E-002
          80  -9.6180676637021151E-002   9.7061445186363546E-002
          81  -9.6703227743063683E-002   9.6945405619331126E-002
          82  -9.7165154587742747E-002   9.6830226787433818E-002
          83  -9.7640297938226484E-002   9.6715861324170968E-002
          84  -9.8032844586678505E-002   9.6602302076284341E-002
          85  -9.8443370159691013E-002   9.6489570895558360E-002
          86  -9.8751125093257217E-002   9.6377709790094107E-002
          87  -9.9089039395078543E-002   9.6266773977578338E-002
          88  -9.9393171259655938E-002   9.6156826480247357E-002
          89  -9.9715859596031131E-002   9.6047933970481406E-002
          90 -0.10003058283707134        9.5940163628350575E-002
          91 -0.10034717176273311        9.5833580814080388E-002
          92 -0.10069748497466309        9.5728247392590934E-002
          93 -0.10095941072363179        9.5624220575788302E-002
          94 -0.10114049114002958        9.5521552172218790E-002
          95 -0.10136277981446874        9.5420288153898775E-002
          96 -0.10160733436187977        9.5320468466957409E-002
          97 -0.10188308302300815        9.5222127026866596E-002
          98 -0.10208611486002994        9.5125291850675156E-002
          99 -0.10236765421779891        9.5029985288368743E-002
         100 -0.10246747761379374        9.4936224323314874E-002
