           1  -3.9543851086037742       0.92292500716726145     
           2  -2.8039236956789928       0.85356017019364505     
           3  -1.5730911911104271       0.73244290835762837     
           4  -1.7697532677383330       0.72966237069844919     
           5  -2.0487582695912701       0.72672582310936629     
           6  -2.3750380734808263       0.72446776512593147     
           7  -2.9738916326362181       0.72271832357581234     
           8  -3.0657935712807287       0.72131954498474016     
           9  -2.9399043485784069       0.72014036025744022     
          10  -2.7915954954400379       0.71906623391631530     
          11  -2.6346533409065964       0.71798676848333498     
          12  -2.4751987783863338       0.71678224415983127     
          13  -2.3134421375713097       0.71530740189831099     
          14  -2.1554687294364450       0.71336792406076754     
          15  -1.9933593202774929       0.71067914800204790     
          16  -1.8265989104850027       0.70678185966048546     
          17  -1.6518007558577281       0.70085284027258388     
          18  -1.4646796866802614       0.69125595708363607     
          19  -1.2600301380328878       0.67446975905932882     
          20  -1.0472217039481169       0.64245214030128761     
          21 -0.83066883914639855       0.57023230575671358     
          22 -0.19304145847272092       0.40557952221372529     
          23 -0.11971849524247626       0.34809397220566290     
          24 -0.10496994170861319       0.31466009006602419     
          25 -0.11050940915096528       0.27241912855751088     
          26 -0.13676795087050458       0.20286828961511097     
          27 -0.23130103437512714       0.15954511493619286     
          28 -0.20398298211211988       0.15692423041535650     
          29 -0.19884389407573944       0.15326982126309163     
          30 -0.19528702532482756       0.14999432141500232     
          31 -0.19152171525482548       0.14717194300253017     
          32 -0.18804369053200098       0.14473118862950954     
          33 -0.18501882242402012       0.14260829234100317     
          34 -0.18261552643689730       0.14074724619950432     
          35 -0.18058853779407658       0.13909741949364368     
          36 -0.17892457558685901       0.13761354443793172     
          37 -0.17772242814384787       0.13625632079590783     
          38 -0.17656746045279809       0.13499264578583992     
          39 -0.17561440789546437       0.13379541705045073     
          40 -0.17480169816930674       0.13264294575617988     
          41 -0.17408350563473640       0.13151803013311139     
          42 -0.17359464105886538       0.13040688764484043     
          43 -0.17312289876791370       0.12929812427588555     
          44 -0.17262645455720560       0.12818186359598815     
          45 -0.17192205525906631       0.12704907106059982     
          46 -0.17133341200435251       0.12589098513929917     
          47 -0.17040536300631692       0.12469856159913764     
          48 -0.16934747283044285       0.12346189275810979     
          49 -0.16799492929229354       0.12216957927912023     
          50 -0.16659893653955138       0.12080804374503623     
          51 -0.16527410815704532       0.11936083185964176     
          52 -0.16400235307243610       0.11780810683895770     
          53 -0.16277226844914608       0.11612694558801048     
          54 -0.16016154141240355       0.11429396565812353     
          55 -0.15644767195901962       0.11229345401415400     
          56 -0.15215594183518411       0.11013503421781587     
          57 -0.14677769339926908       0.10787805333598420     
          58 -0.14201089849697082       0.10563641584497126     
          59 -0.13967034600027262       0.10351828303342708     
          60 -0.13901126841475431       0.10152780600168601     
          61 -0.13765823587637840        9.9595816234099535E-002
          62 -0.13715684212626936        9.7690828529597248E-002
          63 -0.13765325608102147        9.5824534907696587E-002
          64 -0.13629119051401312        9.4020640089566204E-002
          65 -0.13254954439154770        9.2299965990885566E-002
          66 -0.12971925592034195        9.0683493816512084E-002
          67 -0.12808359670066513        8.9197909580078352E-002
          68 -0.12360315840782042        8.7879261860106458E-002
          69 -0.11864195845068842        8.6771810901606336E-002
          70 -0.11487364594637492        8.5909498652510144E-002
          71 -0.11136402223967919        8.5284139174709020E-002
          72 -0.10818264344077451        8.4847358004290011E-002
          73 -0.10622785539799004        8.4545211157530067E-002
          74 -0.10461024284135965        8.4336138355732990E-002
          75 -0.10350622817703967        8.4190651220431637E-002
          76 -0.10275179571971495        8.4087615879038721E-002
          77 -0.10247733330413129        8.4011558290924881E-002
          78 -0.10239491833950358        8.3951011679402734E-002
          79 -0.10227317023049835        8.3897448118869247E-002
          80 -0.10232845074786864        8.3844525619387211E-002
          81 -0.10208547802817390        8.3787533614296181E-002
          82 -0.10225797118301237        8.3722971289130671E-002
          83 -0.10239485920242007        8.3648175964166821E-002
          84 -0.10236419323875641        8.3560937340673477E-002
          85 -0.10256171649508826        8.3459234917516195E-002
          86 -0.10286652386142144        8.3341277791415758E-002
          87 -0.10327612942472418        8.3205661308280388E-002
          88 -0.10364248580038007        8.3051424051095113E-002
          89 -0.10408795967282837        8.2878024818921925E-002
          90 -0.10447557918505697        8.2685300008515927E-002
          91 -0.10498583477735154        8.2473418044538477E-002
          92 -0.10558109552648226        8.2242829245092103E-002
          93 -0.10608869043815347        8.1994209387389883E-002
          94 -0.10677361355286205        8.1728398519070725E-002
          95 -0.10731108511108277        8.1446338747473257E-002
          96 -0.10784740599922062        8.1149015323628435E-002
          97 -0.10861375605121222        8.0837404755624426E-002
          98 -0.10905887711357655        8.0512432494987032E-002
          99 -0.10971526651591007        8.0174941398412872E-002
         100 -0.11024545109043736        7.9825670979544364E-002
