           1  -4.1590629939187975       0.92444885624024153     
           2  -3.3348425342009334       0.88748479126410940     
           3  -1.6145304360790229       0.73420324095996448     
           4  -1.6876874813731948       0.72983869303846427     
           5  -1.9262084901399545       0.72699733485930007     
           6  -2.1909065484975674       0.72470003680821227     
           7  -2.5081179782586913       0.72286952294447648     
           8  -3.1249094584384318       0.72136669239816098     
           9  -3.1322100204813030       0.72006891021632946     
          10  -2.8804861085644142       0.71886619486439718     
          11  -2.6701715459198110       0.71765275405101669     
          12  -2.4843619056621029       0.71631609752563219     
          13  -2.3123501222938714       0.71472224699693121     
          14  -2.1472925346311640       0.71269160435244006     
          15  -1.9837304965309381       0.70995196746020939     
          16  -1.8169420859979735       0.70603491531483664     
          17  -1.6412962265400055       0.70002460358184837     
          18  -1.4503618170452699       0.68988995737660208     
          19  -1.2361631066253842       0.67056665553591410     
          20 -0.99788437006211295       0.62893122044137240     
          21 -0.77557684776308711       0.53879976858363410     
          22 -0.23906840392822853       0.41899541459706519     
          23 -0.15527810188725544       0.37729021008326619     
          24 -0.12590473883061856       0.35062130625751997     
          25 -0.11586348771115866       0.32018942907981385     
          26 -0.12087504090476525       0.27302608418542745     
          27 -0.15724115204530420       0.19371209273111256     
          28 -0.20345484925303134       0.16361529336106925     
          29 -0.18521128950267185       0.15519745932442575     
          30 -0.17830586455767550       0.14907591374613643     
          31 -0.17400010544708014       0.14491315409109590     
          32 -0.17064513055414532       0.14199109273360688     
          33 -0.16824027910187470       0.13981419331954564     
          34 -0.16633805074448574       0.13807284279918369     
          35 -0.16509382025156788       0.13658614155308760     
          36 -0.16426627705912597       0.13525096257174199     
          37 -0.16369115514110816       0.13400815213443579     
          38 -0.16321349726214507       0.13282295719199455     
          39 -0.16283166752730485       0.13167411242151994     
          40 -0.16240690589039233       0.13054781160391832     
          41 -0.16196631583660373       0.12943434700867951     
          42 -0.16143103265870601       0.12832618839813040     
          43 -0.16079653903452232       0.12721684044413456     
          44 -0.15999547277094289       0.12610012234302997     
          45 -0.15909425346706788       0.12496967491204367     
          46 -0.15791103782693722       0.12381858916443614     
          47 -0.15654772133665787       0.12263910423536734     
          48 -0.15497548298831257       0.12142236395932074     
          49 -0.15311793449802236       0.12015826765901678     
          50 -0.15105518304932578       0.11883551981639018     
          51 -0.14865866665595998       0.11744209630353776     
          52 -0.14594930636173331       0.11596652126652830     
          53 -0.14310366715375902       0.11440058667472860     
          54 -0.14011609568417668       0.11274432005962905     
          55 -0.13688272697292647       0.11101343172859650     
          56 -0.13333766085114890       0.10924935930673614     
          57 -0.13044781006709258       0.10752281495701360     
          58 -0.12747529927405499       0.10590282576968649     
          59 -0.12522145838172660       0.10442868427669616     
          60 -0.12376055583523457       0.10310804410281549     
          61 -0.12290037189902139       0.10190760765480285     
          62 -0.12244390836833924       0.10078192672369583     
          63 -0.12250382884926060        9.9698980211584146E-002
          64 -0.12277887205123683        9.8644535781374665E-002
          65 -0.12385486081694447        9.7618328355640882E-002
          66 -0.12548289441173063        9.6627269753244358E-002
          67 -0.12724988355289937        9.5679637694539979E-002
          68 -0.12964725547016412        9.4781719025062938E-002
          69 -0.13210132168270278        9.3936595545783652E-002
          70 -0.13353474031682946        9.3144717102137203E-002
          71 -0.13543302519735614        9.2405053038720153E-002
          72 -0.13694881671949660        9.1715752980403534E-002
          73 -0.13868207133214558        9.1074434256117970E-002
          74 -0.14012390410004147        9.0478367113366154E-002
          75 -0.14160053399053402        8.9924626313070355E-002
          76 -0.14376027218568235        8.9410213002500891E-002
          77 -0.14457194156458944        8.8932147193497790E-002
          78 -0.14591521844750632        8.8487534302796475E-002
          79 -0.14661549267905294        8.8073610487022447E-002
          80 -0.14793451207555749        8.7687771384088176E-002
          81 -0.14832080510471682        8.7327588228402503E-002
          82 -0.14889934784020778        8.6990814575313838E-002
          83 -0.14960644475377791        8.6675386209084881E-002
          84 -0.14913628066873816        8.6379416255151970E-002
          85 -0.14905530104359352        8.6101187065407370E-002
          86 -0.14932943069499388        8.5839140078775855E-002
          87 -0.14959311344995649        8.5591864563346165E-002
          88 -0.14974856586999338        8.5358085908503745E-002
          89 -0.15008085949575689        8.5136653946361329E-002
          90 -0.14952864279392231        8.4926531633359045E-002
          91 -0.14922048645637681        8.4726784308420455E-002
          92 -0.14868045850436970        8.4536569657445895E-002
          93 -0.14850706701858682        8.4355128450063863E-002
          94 -0.14747591683282590        8.4181776068579031E-002
          95 -0.14707916561943876        8.4015894817329476E-002
          96 -0.14658566242404714        8.3856926979535867E-002
          97 -0.14579458317767574        8.3704368575812080E-002
          98 -0.14548102517607225        8.3557763771382035E-002
          99 -0.14509574307427514        8.3416699876232431E-002
         100 -0.14477185063864700        8.3280802882393659E-002
