           1  -3.7577135592527382       0.92287771254889295     
           2  -2.6747745782333863       0.85201146372618530     
           3  -1.5600699400373699       0.73223693949940694     
           4  -1.7354449552318980       0.72950604026102195     
           5  -1.9794950683456458       0.72661226640404952     
           6  -2.2473449429666443       0.72433465257751251     
           7  -2.6044556128538714       0.72250609539835542     
           8  -3.0480974394713884       0.72096839702325788     
           9  -2.8927664792360592       0.71958770114990200     
          10  -2.6991930883740638       0.71824519614910631     
          11  -2.5110193618495100       0.71682697213342128     
          12  -2.3355316323993360       0.71521310150937911     
          13  -2.1703247883429477       0.71326266674881089     
          14  -2.0115175581497842       0.71078643651303630     
          15  -1.8523981803507088       0.70748848357770400     
          16  -1.6968577441868957       0.70283292522051577     
          17  -1.5309220383357540       0.69572000564947190     
          18  -1.3507137411003423       0.68361208891738301     
          19  -1.1485846639831563       0.65980197744923519     
          20 -0.91721529984783345       0.60317664977000196     
          21 -0.35847859985690800       0.46153875664040767     
          22 -0.18787884983404812       0.40188924264717435     
          23 -0.14731127207651115       0.37750738797992767     
          24 -0.12764231680266833       0.35539481824299235     
          25 -0.11968926063472241       0.32704454361884927     
          26 -0.12641481670511012       0.27710879496718072     
          27 -0.20386366521316490       0.17524260826109558     
          28 -0.16954848505067321       0.16096661949375854     
          29 -0.16420859218284325       0.15411240564882017     
          30 -0.16200894271325589       0.14934454826654514     
          31 -0.16120639992056179       0.14598702493251509     
          32 -0.16199124554266187       0.14351919597317742     
          33 -0.16210634350031697       0.14160147607455520     
          34 -0.16144158072272183       0.14002355985340145     
          35 -0.16099058467721322       0.13865707276511618     
          36 -0.16052994390703956       0.13742250912979564     
          37 -0.16068633818084360       0.13626963952707602     
          38 -0.16068795368334179       0.13516603004370509     
          39 -0.16134826716892969       0.13409018064213810     
          40 -0.16118350112093863       0.13302735935753224     
          41 -0.16106858902926383       0.13196703841826510     
          42 -0.16086485052587549       0.13090128807529874     
          43 -0.16034426959690037       0.12982374368126395     
          44 -0.15997345537718996       0.12872891446914736     
          45 -0.15948692613893586       0.12761169162278424     
          46 -0.15895247756136549       0.12646696478383290     
          47 -0.15828621643910348       0.12528928611893389     
          48 -0.15735570360641032       0.12407253910106594     
          49 -0.15620091386151769       0.12280958176409391     
          50 -0.15473709487769288       0.12149184775407987     
          51 -0.15291945578805230       0.12010891289611973     
          52 -0.15064597340870875       0.11864809004663296     
          53 -0.14904415556216952       0.12353690028076773     
          54 -0.14969844060529444       0.12310048505345259     
          55 -0.15022647243042070       0.12335449364896156     
          56 -0.15085142514659702       0.12361371314535163     
          57 -0.15164385064691868       0.12383478336103457     
          58 -0.15265773827622653       0.12400561595370051     
          59 -0.15368945884969629       0.12412105445148224     
          60 -0.15497924448270953       0.12418102494904534     
          61 -0.15646184710349423       0.12418936665485932     
          62 -0.15820949701871134       0.12415241366958572     
          63 -0.16031871893757646       0.12407762136683592     
          64 -0.16280101076161121       0.12397248052300762     
          65 -0.16583286460691324       0.12384381573705143     
          66 -0.16970305297997121       0.12369744410034839     
          67 -0.17389280848908512       0.12353810473532424     
          68 -0.17900550425186607       0.12336955451184903     
          69 -0.18483870354472309       0.12319474056609842     
          70 -0.19069659302409109       0.12301598727505339     
          71 -0.19604331664278654       0.12283516192762343     
          72 -0.19955421048202207       0.12265380396505488     
          73 -0.20185079544848386       0.12247321612223187     
          74 -0.20232605261577763       0.12229452303344270     
          75 -0.20290168047488324       0.12211870559327510     
          76 -0.20065954768814978       0.12194661931548523     
          77 -0.19909650398395429       0.12177900349640940     
          78 -0.19650755578987394       0.12161648611205433     
          79 -0.19268789873009259       0.12145958761012957     
          80 -0.18916807604559380       0.12130872535013126     
          81 -0.18556592497058777       0.12116421945371005     
          82 -0.18242692928096932       0.12102630020523350     
          83 -0.18006508150035036       0.12089511679849468     
          84 -0.17839308957515015       0.12077074706709698     
          85 -0.17688325776687716       0.12065320778680080     
          86 -0.17465988480449626       0.12054246514497248     
          87 -0.17300021182682107       0.12043844500418482     
          88 -0.17143530268927581       0.12034104262829198     
          89 -0.16992182352242668       0.12025013158565163     
          90 -0.16862576714273370       0.12016557159469447     
          91 -0.16763390494443778       0.12008721513253190     
          92 -0.16593517456723489       0.12001491268683093     
          93 -0.16447605144118949       0.11994851659195417     
          94 -0.16351468211104700       0.11988788344836299     
          95 -0.16242746558048760       0.11983287517482667     
          96 -0.16159257563920065       0.11978335878226157     
          97 -0.16084401397701376       0.11973920498345081     
          98 -0.16014213454082749       0.11970028576386713     
          99 -0.15973101822148097       0.11966647103593192     
         100 -0.15927126084393617       0.11963762448495868     
