           1  -4.0525339361817441       0.92408812774950488     
           2  -3.2637343586957277       0.87926343943204566     
           3  -1.6271889617496129       0.73246282888943326     
           4  -1.7137556066342501       0.72918964140162756     
           5  -1.9383134544617360       0.72661771933137498     
           6  -2.1810735885084069       0.72453020905080556     
           7  -2.4505994408141425       0.72287838507161617     
           8  -2.8076078016426762       0.72155296405650027     
           9  -3.3346203368747340       0.72045635881762626     
          10  -3.1255274736239227       0.71950210292445260     
          11  -2.9246095320767131       0.71860955713867580     
          12  -2.7332367059709601       0.71769629917597400     
          13  -2.5507647698450033       0.71666821065206576     
          14  -2.3747936576693225       0.71540550317614715     
          15  -2.2024527684544930       0.71374047030841592     
          16  -2.0305250014602110       0.71141821859074328     
          17  -1.8556969410333266       0.70802199281658484     
          18  -1.6743286402284565       0.70282189050375332     
          19  -1.4830454504775812       0.69444059880444076     
          20  -1.2784131289725533       0.67999101195363720     
          21  -1.0576044487732985       0.65232908943176660     
          22 -0.82871104065306400       0.59047816184206103     
          23 -0.31308781485599002       0.43865414820278059     
          24 -0.15770178364265283       0.34079151793684503     
          25 -0.13235630825664588       0.30213377814398062     
          26 -0.13188939570955568       0.25419945560747659     
          27 -0.15397764386907783       0.18545719288279344     
          28 -0.24348938711369161       0.14647331692030127     
          29 -0.20974754641429710       0.14409747594118763     
          30 -0.20130041919341865       0.14214206817822647     
          31 -0.19531235097447774       0.14025519469438508     
          32 -0.19080998857388468       0.13857489922017008     
          33 -0.18729128770371700       0.13706188171068354     
          34 -0.18408996623336105       0.13567372788559082     
          35 -0.18127721562882990       0.13437601716612113     
          36 -0.17854137663263384       0.13314078479349437     
          37 -0.17590117750796905       0.13194476368729374     
          38 -0.17288303167421409       0.13076786671230584     
          39 -0.16985686775142647       0.12959177650259801     
          40 -0.16685654648422285       0.12839853908427656     
          41 -0.16350455855493223       0.12716903956047448     
          42 -0.15974563818652029       0.12588119734376998     
          43 -0.15529019497433588       0.12450770640465250     
          44 -0.15014242604845432       0.12301332010926674     
          45 -0.14433568676542877       0.12135267118017082     
          46 -0.13729503662574821       0.11947362089940308     
          47 -0.12929724186811034       0.11734291142287610     
          48 -0.12053869379647726       0.11503182247267336     
          49 -0.11261787872473419       0.11283797221478700     
          50 -0.10745640455821794       0.11061782410056611     
          51 -0.10379271699885864       0.10835972788672293     
          52 -0.10516830869419484       0.11232879754845153     
          53 -0.10625290839562716       0.11164362448099456     
          54 -0.10618101062521090       0.11074844688284832     
          55 -0.10659345581501140       0.10974041979190129     
          56 -0.10723555421807150       0.10866932624611637     
          57 -0.10804727385009284       0.10756052794980649     
          58 -0.10882983963990862       0.10643675825848947     
          59 -0.10982680108539027       0.10534213244049280     
          60 -0.11112171138711917       0.10432637310991356     
          61 -0.11237211327528428       0.10346796566243813     
          62 -0.11370234583473389       0.10276951734841172     
          63 -0.11480261760499957       0.10214012815026001     
          64 -0.11527396975420649       0.10155019547880718     
          65 -0.11593862482408636       0.10099488285008257     
          66 -0.11650620166778111       0.10047165564737601     
          67 -0.11721890692766829        9.9978101292940866E-002
          68 -0.11822756392982921        9.9512247701069922E-002
          69 -0.11877846292116172        9.9072313432833459E-002
          70 -0.11948317347683639        9.8656588128886474E-002
          71 -0.11978938120894728        9.8263423737032812E-002
          72 -0.11982892120835953        9.7891247376381593E-002
          73 -0.12009406538128746        9.7538573944924573E-002
          74 -0.12016398005454305        9.7204015067435770E-002
          75 -0.12043427166775812        9.6886283935194634E-002
          76 -0.12050803919018352        9.6584196098131167E-002
          77 -0.12054957584023582        9.6296666838817213E-002
          78 -0.12028925849496019        9.6022706161778049E-002
          79 -0.12016596277008347        9.5761412438312363E-002
          80 -0.12005715879975321        9.5511965501689958E-002
          81 -0.11995413563610449        9.5273619701887913E-002
          82 -0.11988358446129903        9.5045697207803287E-002
          83 -0.11984363014561886        9.4827581703248398E-002
          84 -0.11983103737892646        9.4618712540592717E-002
          85 -0.11959041552472767        9.4418579370570258E-002
          86 -0.11941231059765374        9.4226717242278948E-002
          87 -0.11922956526605077        9.4042702154394711E-002
          88 -0.11896704081045543        9.3866147031854016E-002
          89 -0.11862718426410655        9.3696698098949233E-002
          90 -0.11845133514815223        9.3534031618418431E-002
          91 -0.11801808002900234        9.3377850966028936E-002
          92 -0.11770433451980185        9.3227884010646050E-002
          93 -0.11739709104309036        9.3083880770940625E-002
          94 -0.11711863570965288        9.2945611321283136E-002
          95 -0.11685766048418809        9.2812863921115860E-002
          96 -0.11653531936036757        9.2685443344009744E-002
          97 -0.11627900798659288        9.2563169384574859E-002
          98 -0.11596853159042729        9.2445875523555113E-002
          99 -0.11569136310812643        9.2333407733360975E-002
         100 -0.11540071764018943        9.2225623408326046E-002
