           1  -3.9222102821922573       0.92065670321710669     
           2  -2.3888116448322361       0.81849994527612557     
           3  -1.5936357579516598       0.73149786188829269     
           4  -1.7979673999142882       0.72876517906592420     
           5  -2.0488842846151578       0.72603144187196333     
           6  -2.3258983661103070       0.72389019713380687     
           7  -2.6899956986249269       0.72217857641740457     
           8  -3.3725870166826808       0.72074739657108644     
           9  -2.9668715779850880       0.71946883024137565     
          10  -2.7211118622101171       0.71822716254645524     
          11  -2.5169715915298090       0.71690809511212594     
          12  -2.3358916118973769       0.71538698550953683     
          13  -2.1685908352809928       0.71351350263203095     
          14  -2.0092436277738859       0.71108597029168241     
          15  -1.8526918154244174       0.70779953536052020     
          16  -1.6944217645695809       0.70312984140061563     
          17  -1.5295678432448272       0.69605301688642385     
          18  -1.3522525359666011       0.68431645873767843     
          19  -1.1565862380558960       0.66234541056799368     
          20 -0.94076732051602729       0.61472048246360411     
          21 -0.54170650511414697       0.49417295987486953     
          22 -0.18341087171333376       0.39556810543396997     
          23 -0.13827312266512432       0.36491017710963847     
          24 -0.12356509159634571       0.33942085739443922     
          25 -0.12345951693696827       0.30618680576106372     
          26 -0.13989420984890882       0.24805626799799399     
          27 -0.21844421691022045       0.16269631856527100     
          28 -0.18619338452533465       0.15205907530230747     
          29 -0.17114063181263628       0.14708864026797322     
          30 -0.16408949469319542       0.14302426192748477     
          31 -0.15906355368072156       0.13978122626206249     
          32 -0.15568154222278185       0.13712753572762282     
          33 -0.15284118542567424       0.13488802308294401     
          34 -0.15075252118318133       0.13293617695211907     
          35 -0.14911758882106596       0.13118352995851498     
          36 -0.14776163568683123       0.12956991711543145     
          37 -0.14651681829999808       0.12805502850808148     
          38 -0.14546192850395151       0.12661183557359898     
          39 -0.14452020781072047       0.12522203376136282     
          40 -0.14359458065027836       0.12387308001402818     
          41 -0.14274805762004944       0.12255630274314573     
          42 -0.14204011668106481       0.12126569335008791     
          43 -0.14121036392997274       0.11999712765173715     
          44 -0.14049812743287471       0.11874786254184763     
          45 -0.13987246345811974       0.11751621434776834     
          46 -0.13926385107027042       0.11630136193180905     
          47 -0.13866288645416519       0.11510323572800506     
          48 -0.13823136411074757       0.11392246415105921     
          49 -0.13769401420959673       0.11276029207093954     
          50 -0.13738153646271797       0.11161778734408802     
          51 -0.13697032662997591       0.11049527433894571     
          52 -0.13664908423014061       0.10939356022561200     
          53 -0.13643097520971872       0.10831426316154896     
          54 -0.13628939099744206       0.10725965123125168     
          55 -0.13622527255150199       0.10623259290261933     
          56 -0.13625767752941254       0.10523659875472639     
          57 -0.13641526470063930       0.10427609927089478     
          58 -0.13666377245117634       0.10335668232380130     
          59 -0.13726364222100215       0.10248238890054844     
          60 -0.13759343900490942       0.10165554897425275     
          61 -0.13831242848579897       0.10087828530746680     
          62 -0.13928390180842765       0.10015303755668599     
          63 -0.14049994588843925        9.9482305724410691E-002
          64 -0.14192526598946206        9.8868317776929171E-002
          65 -0.14289957782786611        9.8312779489051011E-002
          66 -0.14450199248376119        9.7816681157557012E-002
          67 -0.14592516410327575        9.7380128536028732E-002
          68 -0.14671074177159768        9.7002201594825352E-002
          69 -0.14679092943757210        9.6680873467489853E-002
          70 -0.14684562560972927        9.6413028180308405E-002
          71 -0.14758738152693057        9.6194599379881590E-002
          72 -0.14762837445945015        9.6020818209007458E-002
          73 -0.14838272457779716        9.5886522800371521E-002
          74 -0.14796644557273261        9.5786468099615191E-002
          75 -0.14787329972180449        9.5715590926852945E-002
          76 -0.14754753398338147        9.5669211796511874E-002
          77 -0.14803006005755595        9.5643167364768966E-002
          78 -0.14780142760767906        9.5633863625314494E-002
          79 -0.14782990791928174        9.5638247351997149E-002
          80 -0.14747139652998356        9.5653744595320014E-002
          81 -0.14713936679243136        9.5678235650315954E-002
          82 -0.14727863421793463        9.5710042818500471E-002
          83 -0.14686340465121900        9.5747877380795460E-002
          84 -0.14649101619729890        9.5790756732302459E-002
          85 -0.14538258719844613        9.5837922069954284E-002
          86 -0.14510759147483659        9.5888770714957300E-002
          87 -0.14518926804855667        9.5942805215468441E-002
          88 -0.14473125116527841        9.5999597109473450E-002
          89 -0.14447987883779678        9.6058762233451833E-002
          90 -0.14374688900678337        9.6119944583483344E-002
          91 -0.14292350749520771        9.6182806214082914E-002
          92 -0.14210734868666611        9.6247021212740896E-002
          93 -0.14130878453141846        9.6312272298578999E-002
          94 -0.14062878292420170        9.6378249018253342E-002
          95 -0.13996241607118862        9.6444646843234616E-002
          96 -0.13928199608386238        9.6511166718055319E-002
          97 -0.13836599101992980        9.6577514784031857E-002
          98 -0.13768246186408539        9.6643402123114910E-002
          99 -0.13656454973913096        9.6708544445901296E-002
         100 -0.13593324243623153        9.6772661698684634E-002
