           1  -4.0924538436222972       0.92256810340078910     
           2  -2.8137084680090001       0.84781950306189391     
           3  -1.6044507265532091       0.73112128421908451     
           4  -1.7680077028875070       0.72887097817981916     
           5  -2.0144769614980436       0.72629749814337641     
           6  -2.2951846194212955       0.72423861050019245     
           7  -2.6583610859310172       0.72259744702200990     
           8  -3.5573072926518940       0.72125689127602166     
           9  -3.0806356377335771       0.72011142156709440     
          10  -2.8378180084254461       0.71906456207369462     
          11  -2.6414392469899717       0.71802196944645136     
          12  -2.4674576275283591       0.71688191006512214     
          13  -2.3057880923873193       0.71552246945555387     
          14  -2.1503297668860695       0.71378231595353259     
          15  -1.9968149707765321       0.71142765430697485     
          16  -1.8413124836171508       0.70808883208398654     
          17  -1.6798833445730563       0.70312669595322930     
          18  -1.5081285641466871       0.69531972040340784     
          19  -1.3211466857845524       0.68201449937377423     
          20  -1.1132492498758553       0.65624622809164124     
          21 -0.88173533094269618       0.59338657119976257     
          22 -0.27495752117220368       0.43095873424497771     
          23 -0.15640930845167592       0.37069762971388942     
          24 -0.12027871552022337       0.33302627308376093     
          25 -0.10897101613452484       0.29441657520279535     
          26 -0.11657503522373328       0.23704194779786086     
          27 -0.17325134180561083       0.15884284379307889     
          28 -0.17607419622026005       0.14936327187650639     
          29 -0.17217474882739117       0.14684876546758982     
          30 -0.17008196544755341       0.14428669410029230     
          31 -0.16837157771078307       0.14207487959406168     
          32 -0.16693393645551255       0.14013925731459501     
          33 -0.16597785911655766       0.13840856666312348     
          34 -0.16437582886199009       0.13682803249429659     
          35 -0.16340736921833529       0.13535609985102040     
          36 -0.16198555228584799       0.13396101974542979     
          37 -0.15972874353808830       0.13261812963254532     
          38 -0.15772371471776672       0.13130786375396816     
          39 -0.15572339492938089       0.13001427701666946     
          40 -0.15349367619669052       0.12872390478269219     
          41 -0.15096066262617283       0.12742485808207402     
          42 -0.14844802634719040       0.12610610691247368     
          43 -0.14577173885833739       0.12475712091132339     
          44 -0.14307999478431149       0.12336834661805254     
          45 -0.14019958729948467       0.12193338094911074     
          46 -0.13728602700845657       0.12045529517810531     
          47 -0.13385182997697970       0.11896516686710695     
          48 -0.13045307530329836       0.11758220998007617     
          49 -0.12666645735944063       0.11672774979288579     
          50 -0.12366148138772746       0.11738983554206650     
          51 -0.12228737753742998       0.11843692021141820     
          52 -0.12226829954963646       0.11869956199614903     
          53 -0.12259774715710324       0.11871066906187071     
          54 -0.12327293931943220       0.11857074743727600     
          55 -0.12419021808703196       0.11830683993469704     
          56 -0.12527850995937903       0.11794426847252716     
          57 -0.12603836627677165       0.11750780203823605     
          58 -0.12697484735385808       0.11701949414118090     
          59 -0.12839724876565453       0.11559997347258735     
          60 -0.12509291661906069       0.11048891555276286     
          61 -0.12554796798634893       0.11025459507647567     
          62 -0.12688365130536805       0.11002952889286646     
          63 -0.12861729041234224       0.10979039987885850     
          64 -0.13040472397202185       0.10953520959466172     
          65 -0.13222814884402978       0.10927119102408753     
          66 -0.13411243852892202       0.10900646406722334     
          67 -0.13583103297640983       0.10874722566403085     
          68 -0.13761790602762908       0.10849739065059864     
          69 -0.13923633765585641       0.10825905850130818     
          70 -0.14075614896413319       0.10803310308159182     
          71 -0.14256603335013851       0.10781965044692991     
          72 -0.14403768118448620       0.10761840660176956     
          73 -0.14517163482390652       0.10742886215344352     
          74 -0.14632813329985339       0.10725041187831688     
          75 -0.14732485764319486       0.10708242070122463     
          76 -0.14823410151892952       0.10692425797317898     
          77 -0.14918677938295721       0.10677531389845672     
          78 -0.15004319763145627       0.10663500635600130     
          79 -0.15079998027453304       0.10650278279685799     
          80 -0.15138895408220696       0.10637811976757300     
          81 -0.15187368910180216       0.10626052139111883     
          82 -0.15240743002898224       0.10614951746721130     
          83 -0.15254675131901471       0.10604466149977877     
          84 -0.15286036698740893       0.10594552877989023     
          85 -0.15288788252017549       0.10585171456617805     
          86 -0.15291525315783847       0.10576283236676406     
          87 -0.15273789028747872       0.10567851231201886     
          88 -0.15260050576030751       0.10559839960380300     
          89 -0.15244908907683691       0.10552215302748635     
          90 -0.15202042383544342       0.10544944351522910     
          91 -0.15183383242583809       0.10537995275119458     
          92 -0.15127044060707398       0.10531337181131142     
          93 -0.15084130825449282       0.10524939983157988     
          94 -0.15024955518958538       0.10518774269998761     
          95 -0.14963947524363866       0.10512811176787032     
          96 -0.14893273011644043       0.10507022257713716     
          97 -0.14815457470417731       0.10501379360035687     
          98 -0.14752082384907486       0.10495854499132580     
          99 -0.14685208384929718       0.10490419734444559     
         100 -0.14622956085864425       0.10485047046209726     
