           1  -4.1013486707073978       0.92385097771381519     
           2  -3.2667011874098613       0.87647110315460774     
           3  -1.7618493532069111       0.73223601098439928     
           4  -1.7500847136197351       0.72584678224623400     
           5  -1.9110135779509654       0.72398921714552800     
           6  -2.0844445415777626       0.72224999833222803     
           7  -2.2674944459547435       0.72073914889164281     
           8  -2.4878154965953168       0.71938732379202164     
           9  -2.8679856381071396       0.71812208238732134     
          10  -3.0636893226613133       0.71687438375043944     
          11  -2.7231249378218121       0.71557580398477250     
          12  -2.4890659404709981       0.71415225277803795     
          13  -2.2949439949696271       0.71251298870650714     
          14  -2.1225609214305279       0.71053183598370495     
          15  -1.9630623124898861       0.70801335690707057     
          16  -1.8091515613528859       0.70462656347375618     
          17  -1.6551769886838639       0.69976224529618103     
          18  -1.4959081126036526       0.69219681130240407     
          19  -1.3242822660333808       0.67924191795332789     
          20  -1.1329460850218991       0.65462832653739489     
          21 -0.92343617412665946       0.60493505182681950     
          22 -0.58789749424546556       0.51533656823628538     
          23 -0.26923630941600674       0.47703048580133273     
          24 -0.23207674979331230       0.47368244022432715     
          25 -0.22242956098520031       0.47499994617242841     
          26 -0.21667033684369758       0.47855059581379911     
          27 -0.20768502266932073       0.48489313361563824     
          28 -0.18912169847334009       0.49571366238924264     
          29 -0.13903444347753627       0.51651401983412537     
          30 -0.11598575673785028       0.57000587462146979     
          31  -9.3200542727079963E-002  0.68772457761910433     
          32  -4.8746763621662262E-002  0.30310904413829182     
          33  -5.3674815654163696E-002  0.24985520018246801     
          34  -6.1544890999187585E-002  0.20353050441243178     
          35  -7.2591299414124996E-002  0.17397845747615326     
          36  -8.1133615364011244E-002  0.16464949247756908     
          37  -8.6669160924824407E-002  0.16193252578936840     
          38  -9.0348565194800307E-002  0.16021341335732131     
          39  -9.3034963504023016E-002  0.15869545199985499     
          40  -9.5184760118262476E-002  0.15731893139649189     
          41  -9.7018402497482878E-002  0.15606522099933393     
          42  -9.8617328183720099E-002  0.15491129925431488     
          43 -0.10004106722176732       0.15383518838688889     
          44 -0.10138637306563747       0.15281839373955844     
          45 -0.10261362759883515       0.15184591460532848     
          46 -0.10374234163391742       0.15090560083487392     
          47 -0.10477834481166291       0.14998748154155778     
          48 -0.10582716448922617       0.14908322354128462     
          49 -0.10685464277904531       0.14818574069895499     
          50 -0.10784519655571941       0.14728893820764169     
          51 -0.10887789056361397       0.14638749139387036     
          52 -0.10994111277426220       0.14547642731123830     
          53 -0.11101212286837946       0.14455073643070201     
          54 -0.11228254299655090       0.14360548136653184     
          55 -0.11338652916985208       0.14263594909572919     
          56 -0.11473209496071131       0.14163761992520979     
          57 -0.11580176277003190       0.14060610916135172     
          58 -0.11720973317193141       0.13953714405889187     
          59 -0.11953790907447412       0.13842658111610767     
          60 -0.12133083672588658       0.13727046749560393     
          61 -0.12107595624146178       0.13606515851769771     
          62 -0.12028020246575208       0.13480751229363586     
          63 -0.11963991599418956       0.13349519148443822     
          64 -0.11963687922178032       0.13212710582623174     
          65 -0.11923352443418515       0.13070400847920854     
          66 -0.11931251858806496       0.12922915303774765     
          67 -0.11958261617558220       0.12770852007959974     
          68 -0.11983320624891068       0.12614873323907308     
          69 -0.11976028870640643       0.12454681851378190     
          70 -0.11904558190036978       0.12286430828594586     
          71 -0.12204604651453688       0.12104786218865653     
          72 -0.11984683861303178       0.11926548190898588     
          73 -0.12033576694516286       0.11776656247162059     
          74 -0.12112352846076103       0.11656595816599873     
          75 -0.12018595749431810       0.11562002940441377     
          76 -0.11957793569951190       0.11488412320936491     
          77 -0.11915836709628570       0.11431696050672596     
          78 -0.11949657346363847       0.11388205475116779     
          79 -0.11862457923006366       0.11354817634255132     
          80 -0.11783704246105514       0.11328929829912081     
          81 -0.11646472804139335       0.11308417697192377     
          82 -0.11549582955928273       0.11291567446141532     
          83 -0.11507036485440421       0.11277001984770427     
          84 -0.11450720988297956       0.11263616923020520     
          85 -0.11392275640457729       0.11250531346063380     
          86 -0.11368536071662771       0.11237051858444790     
          87 -0.11373017787817692       0.11222646350275046     
          88 -0.11344865398567618       0.11206923958613466     
          89 -0.11330562582670223       0.11189618511430187     
          90 -0.11298441005387937       0.11170573676612876     
          91 -0.11289757247689002       0.11149728803654452     
          92 -0.11281362045595791       0.11127104987758796     
          93 -0.11280900589541534       0.11102791257406971     
          94 -0.11269408594285191       0.11076931047996458     
          95 -0.11273611153272929       0.11049709304562204     
          96 -0.11293241118610207       0.11021340654963478     
          97 -0.11308691390029667       0.10992059100937439     
          98 -0.11350094551930093       0.10962109582809168     
          99 -0.11402553829167805       0.10931741587068756     
         100 -0.11460125319177560       0.10901204693926207     
