           1  -4.0876534271955078       0.92392130451341103     
           2  -3.2966772426855653       0.87654451186725801     
           3  -1.6206665921412480       0.73239457565463484     
           4  -1.7343009822047362       0.72920877653137728     
           5  -1.9751376004654524       0.72637967576313511     
           6  -2.2355763257585752       0.72414098829169404     
           7  -2.5491529135511044       0.72236182408827088     
           8  -3.1889781900020262       0.72089005072868462     
           9  -3.0515116448936066       0.71959779504103982     
          10  -2.7998996957733135       0.71837119578873032     
          11  -2.5830768435038864       0.71709820684544934     
          12  -2.3891912138143310       0.71565426523198772     
          13  -2.2092287663805137       0.71388242139364899     
          14  -2.0369815433683947       0.71156020055741609     
          15  -1.8673916574502483       0.70833595562948670     
          16  -1.6955450545611503       0.70359380857281595     
          17  -1.5166968124670537       0.69614243583850888     
          18  -1.3257464457154551       0.68344283754748214     
          19  -1.1187887546038016       0.65963764985805651     
          20 -0.90237275495038183       0.61140596759744525     
          21 -0.73266730411616932       0.51121368971818404     
          22 -0.20428569500117838       0.39466443407274759     
          23 -0.15399231524007104       0.35823385635854904     
          24 -0.14201757453513048       0.32757956993340137     
          25 -0.14651726113036195       0.28584894324998966     
          26 -0.17180781926494434       0.21860114825186047     
          27 -0.25380301816456829       0.16063248032177907     
          28 -0.20711120380542156       0.15228581255934884     
          29 -0.19223321345340882       0.14741443869342119     
          30 -0.18456364340241291       0.14357612107256823     
          31 -0.18033919496829751       0.14059707801799531     
          32 -0.17803021415396419       0.13822203210820688     
          33 -0.17681901726043298       0.13625416007047617     
          34 -0.17634213020622147       0.13455889458352463     
          35 -0.17644307385684127       0.13304922379686490     
          36 -0.17710321815283309       0.13166987384181034     
          37 -0.17773086124469994       0.13038554387198875     
          38 -0.17862741476237456       0.12917329327023916     
          39 -0.17949777009509632       0.12801788038530199     
          40 -0.18072528558459144       0.12690895502953720     
          41 -0.18237411599437148       0.12583936112513769     
          42 -0.18385737883306152       0.12480409400619683     
          43 -0.18498731236884669       0.12379964393038938     
          44 -0.18596580800361606       0.12282356937155860     
          45 -0.18709330324701454       0.12187420871345328     
          46 -0.18814762319197806       0.12095047655100186     
          47 -0.18947060362524418       0.12005171274073211     
          48 -0.19068444734631745       0.11917756534517232     
          49 -0.19179907336821575       0.11832789640165658     
          50 -0.19327925204233634       0.11750270406343449     
          51 -0.19436737519078587       0.11670205729906641     
          52 -0.19582373398028655       0.11592604077133284     
          53 -0.19726121950237405       0.11517470830706783     
          54 -0.19811071002422301       0.11444804388619487     
          55 -0.19916460679197748       0.11374592950611646     
          56 -0.20048937094872049       0.11306811965388383     
          57 -0.20234035441828058       0.11241422240830798     
          58 -0.20300028718508334       0.11178368735247729     
          59 -0.20328150582621635       0.11117580048378466     
          60 -0.20448150083849723       0.11058968619831692     
          61 -0.20631389191375729       0.11002431632318151     
          62 -0.20830862621669330       0.10947852630693941     
          63 -0.20944003690279292       0.10895103948494927     
          64 -0.21075555442819041       0.10844050296252129     
          65 -0.21135712540987184       0.10794554298698981     
          66 -0.21097705987448867       0.10746481219733749     
          67 -0.20934156283637978       0.10699682982986447     
          68 -0.20755233585849717       0.10653967470729048     
          69 -0.20525956248335794       0.10609114957653189     
          70 -0.20296620257662376       0.10564915672031165     
          71 -0.19933191814274315       0.10521182773615481     
          72 -0.19571057091371999       0.10477755821282564     
          73 -0.19238109040280729       0.10434508534291394     
          74 -0.18784202495900809       0.10391363211463223     
          75 -0.18254353254331204       0.10348313529017639     
          76 -0.17725962252440178       0.10305459045485024     
          77 -0.17164360282168781       0.10263056443807386     
          78 -0.16623194103516648       0.10221594002332203     
          79 -0.15997850364304186       0.10181895787756202     
          80 -0.15429524732927585       0.10145257120653640     
          81 -0.14893973867832166       0.10113595308498768     
          82 -0.14405759042037541       0.10089556653757824     
          83 -0.13931276419269195       0.10076444735132813     
          84 -0.13491801100193807       0.10077765428764596     
          85 -0.13057445481912652       0.10096257111589665     
          86 -0.12777032358664614       0.10132632791261999     
          87 -0.12424290876004720       0.10184732897823884     
          88 -0.12092039878455223       0.10247791184906488     
          89 -0.11653002504018212       0.10315786123425770     
          90 -0.11257782647539162       0.10383073558037195     
          91 -0.10969910284217577       0.10445474023721063     
          92 -0.10762523953414545       0.10500562305584447     
          93 -0.10626581875375909       0.10547397907575544     
          94 -0.10547532200541665       0.10586050676894657     
          95 -0.10502844579545889       0.10617159536264742     
          96 -0.10492121524528816       0.10641614730827034     
          97 -0.10502301576623541       0.10660363345765921     
          98 -0.10524281130811294       0.10674305331345910     
          99 -0.10563378824017024       0.10684246331402082     
         100 -0.10614753783122646       0.10690882719376296     
