           1  -3.7733192057287805       0.92348573103601572     
           2  -2.9943703467789082       0.86613777152323268     
           3  -1.6073756414701148       0.73152520298753609     
           4  -1.7354123724495303       0.72896955903524496     
           5  -1.9735506625188541       0.72632055525973493     
           6  -2.2566618941505796       0.72416962357597792     
           7  -2.7721282164706924       0.72241513060630935     
           8  -2.8893832313544650       0.72092262878986502     
           9  -2.6863842662908883       0.71956640100706293     
          10  -2.4900161290402147       0.71822026325826283     
          11  -2.3055953567308243       0.71674205476558683     
          12  -2.1294299135245631       0.71494923227283602     
          13  -1.9574642839857312       0.71257635620247317     
          14  -1.7851596339491684       0.70919208887447138     
          15  -1.6078116440242012       0.70402120746271124     
          16  -1.4199284656897491       0.69553310470969043     
          17  -1.2162359594583678       0.68044103930669630     
          18 -0.99582017170465420       0.65134378596219178     
          19 -0.78042612756282059       0.59115401061719686     
          20 -0.31267205162122341       0.42529022513688902     
          21 -0.14977051985048379       0.30762440747131969     
          22 -0.13427253905737677       0.25765916116982923     
          23 -0.14351205846034756       0.20054505186204399     
          24 -0.16988163026511449       0.15648082089187587     
          25 -0.20219140568112526       0.14774178777518437     
          26 -0.20526791427825911       0.14671294428347254     
          27 -0.20333941299572628       0.14568570942524908     
          28 -0.19915257901508202       0.14448657857786648     
          29 -0.19639679941105878       0.14322428196319983     
          30 -0.19465324516677301       0.14195443525572290     
          31 -0.19082529726370143       0.14070229982557678     
          32 -0.18865067543714795       0.13947757091521565     
          33 -0.18362665532717579       0.13828233232848211     
          34 -0.18001822117874591       0.13711518208747908     
          35 -0.17606323518855041       0.13597321610614979     
          36 -0.17272877656688018       0.13485289563678865     
          37 -0.16899745114691289       0.13375037123941935     
          38 -0.16475594697810889       0.13266156244317021     
          39 -0.16108946086225306       0.13158214351482392     
          40 -0.15771469646177616       0.13050750867671482     
          41 -0.15426219202769453       0.12943275104226956     
          42 -0.15142009544062243       0.12835267048504673     
          43 -0.14915459209499068       0.12726181770500011     
          44 -0.14653720931748743       0.12615458058495335     
          45 -0.14404273875883819       0.12502532236676731     
          46 -0.14138601936284179       0.12386858758037156     
          47 -0.13876467983605822       0.12267939837456472     
          48 -0.13645319076462567       0.12145366510088004     
          49 -0.13452872449590383       0.12018871942624285     
          50 -0.13265172489425378       0.11888393475755872     
          51 -0.13040386290793701       0.11754132899385999     
          52 -0.12860870608565969       0.11616596651374751     
          53 -0.12685069776524929       0.11476597242597393     
          54 -0.12518354750907262       0.11335215934593439     
          55 -0.12377575881458920       0.11193749382537316     
          56 -0.12235934906852280       0.11053682805510609     
          57 -0.12133839366598767       0.10916788451092607     
          58 -0.12052204683019535       0.10785569041669789     
          59 -0.12015643225990587       0.10662592385532588     
          60 -0.11971285998956985       0.10549941581406162     
          61 -0.11955476159826207       0.10449215108634743     
          62 -0.11918345085250920       0.10359926593836544     
          63 -0.11941397028931776       0.10280821268316953     
          64 -0.11886462640218452       0.10210997363944743     
          65 -0.11905820931180429       0.10149540940509301     
          66 -0.11928029841950319       0.10095498280797993     
          67 -0.11973384012203005       0.10047950223850145     
          68 -0.12035003369170935       0.10006065341985282     
          69 -0.12165605882573718        9.9691162627725746E-002
          70 -0.12233302548538950        9.9364742769942019E-002
          71 -0.12379316510895166        9.9075921207997672E-002
          72 -0.12477797907914691        9.8819842043838285E-002
          73 -0.12555569902633842        9.8592138342313881E-002
          74 -0.12667754931791642        9.8388899853648196E-002
          75 -0.12751622362135645        9.8206680054026232E-002
          76 -0.12820021058795136        9.8042487568620995E-002
          77 -0.12913721083668087        9.7893753161848382E-002
          78 -0.12965406446251365        9.7758285534181533E-002
          79 -0.13004906199118735        9.7634226382871850E-002
          80 -0.13086958246428110        9.7520008474992342E-002
          81 -0.13137260638092740        9.7414317223543406E-002
          82 -0.13174915263064998        9.7316055529112003E-002
          83 -0.13220676561488556        9.7224311761316670E-002
          84 -0.13258367426103551        9.7138330922278887E-002
          85 -0.13280968090433143        9.7057489069090605E-002
          86 -0.13296399271448384        9.6981271000660327E-002
          87 -0.13334004824448326        9.6909251102883134E-002
          88 -0.13347770746675885        9.6841077142894333E-002
          89 -0.13388847347545393        9.6776456730748334E-002
          90 -0.13395570208739593        9.6715146129441085E-002
          91 -0.13424683868071460        9.6656941086586096E-002
          92 -0.13440545425880432        9.6601669374979909E-002
          93 -0.13448026852128081        9.6549184756314257E-002
          94 -0.13467900514161238        9.6499362115983145E-002
          95 -0.13457988177738175        9.6452093552416268E-002
          96 -0.13470849150108061        9.6407285238573892E-002
          97 -0.13474543981586137        9.6364854904516156E-002
          98 -0.13496530207684579        9.6324729817383617E-002
          99 -0.13492397168808515        9.6286845158613632E-002
         100 -0.13504083597259831        9.6251142717795238E-002
