           1  -3.7636241713085181       0.92391184632826895     
           2  -3.1923168388160668       0.87548602681280030     
           3  -1.6253158815718765       0.73202713401941533     
           4  -1.7163785882190890       0.72876100833325763     
           5  -1.9329409453897577       0.72614352619991274     
           6  -2.1654659332897461       0.72402125402744422     
           7  -2.4356114510158848       0.72230236845706752     
           8  -2.8862129883796706       0.72085463837554009     
           9  -3.1676794994137012       0.71956367289599987     
          10  -2.8176737301898771       0.71832480552414835     
          11  -2.5654291407299863       0.71703222257200094     
          12  -2.3576836750330883       0.71556492356978585     
          13  -2.1701144244242041       0.71376562243476882     
          14  -1.9991581013742070       0.71140372292016818     
          15  -1.8290385692128568       0.70810213110954690     
          16  -1.6580029228814646       0.70317899958465646     
          17  -1.4775948407353994       0.69527835140715777     
          18  -1.2818748477855519       0.68145019357641923     
          19  -1.0670785692612481       0.65478939898158539     
          20 -0.84394946613164334       0.59818156105783638     
          21 -0.40942587640551847       0.45540338595046931     
          22 -0.19816722872015402       0.37975651524748921     
          23 -0.16282368776040995       0.34786863134373319     
          24 -0.15425854348100904       0.31106109437944307     
          25 -0.16981143469291071       0.25207996651437276     
          26 -0.26421628244090722       0.16808538727089814     
          27 -0.22905790196225650       0.14993789746273722     
          28 -0.21801216734116091       0.14590221172412135     
          29 -0.21801371947771694       0.14284716738128581     
          30 -0.21275788526246539       0.14055334842644990     
          31 -0.21193656329429952       0.13869160543871487     
          32 -0.21251522217223909       0.13707905874827694     
          33 -0.21084716892762703       0.13561756109161777     
          34 -0.20946761647875445       0.13425279458751030     
          35 -0.20919396633375373       0.13295342119764980     
          36 -0.20913746077652060       0.13170044389482938     
          37 -0.20885296981422707       0.13048164662424630     
          38 -0.20824376764238328       0.12928861311007220     
          39 -0.20788880760381950       0.12811509168760477     
          40 -0.20727144287728222       0.12695608225626401     
          41 -0.20646794976049204       0.12580732109378159     
          42 -0.20567665935092072       0.12466499130931089     
          43 -0.20422913665217129       0.12352556615002672     
          44 -0.20267133068035253       0.12238573487681625     
          45 -0.20135674514484461       0.12124238398904601     
          46 -0.19999250249937078       0.12009261902432490     
          47 -0.19857260335417146       0.11893381849455217     
          48 -0.19739590095220383       0.11776371407946551     
          49 -0.19567376338816633       0.11658049129543410     
          50 -0.19425783359671997       0.11538290344232384     
          51 -0.19293331700231600       0.11417038965019766     
          52 -0.19177426572500475       0.11294318635755668     
          53 -0.19041486512877925       0.11170242164892920     
          54 -0.18928907684448340       0.11045018440380104     
          55 -0.18835261207275861       0.10918956523187835     
          56 -0.18742792214686566       0.10792467293125145     
          57 -0.18663491818936948       0.10666064349952734     
          58 -0.18586024303187948       0.10540370822274817     
          59 -0.18553878559752002       0.10416108525235625     
          60 -0.18503337308716000       0.10293959912654248     
          61 -0.18483488785103414       0.10174587171250456     
          62 -0.18457559074518007       0.10058734001665609     
          63 -0.18384918234612735        9.9471973360842209E-002
          64 -0.18299261686110302        9.8407867717647854E-002
          65 -0.18218517590734076        9.7402844238570166E-002
          66 -0.18188254371186521        9.6464111151749354E-002
          67 -0.18091879566986832        9.5597395602834825E-002
          68 -0.18134744091856705        9.4805715171475527E-002
          69 -0.18096708171096659        9.4089684164529841E-002
          70 -0.18017194129183275        9.3447878463926701E-002
          71 -0.17989983829954070        9.2877291614200053E-002
          72 -0.17912629071200803        9.2373508259919176E-002
          73 -0.17868228148224069        9.1930937363172691E-002
          74 -0.17853154919019548        9.1543248686748485E-002
          75 -0.17741155106301354        9.1203889231823529E-002
          76 -0.17663593333632641        9.0906520626732892E-002
          77 -0.17650696574154634        9.0645302092384653E-002
          78 -0.17578762917406476        9.0415028032788544E-002
          79 -0.17340405871985620        9.0211163490070037E-002
          80 -0.17215488990836669        9.0029819271218628E-002
          81 -0.17054284529142483        8.9867696392143079E-002
          82 -0.16923740091434977        8.9722018264960110E-002
          83 -0.16742633153901901        8.9590461092451154E-002
          84 -0.16603013757977900        8.9471087762111837E-002
          85 -0.16440018400062534        8.9362287467473711E-002
          86 -0.16318803910928026        8.9262721735323583E-002
          87 -0.16088237809310499        8.9171276916527778E-002
          88 -0.15909033413346793        8.9087023007304658E-002
          89 -0.15783783794822906        8.9009178607087222E-002
          90 -0.15630954433661740        8.8937081744200869E-002
          91 -0.15466188017237656        8.8870166137419410E-002
          92 -0.15286432492042026        8.8807942219805772E-002
          93 -0.15100345431033346        8.8749982054735208E-002
          94 -0.14989141125123973        8.8695907257292553E-002
          95 -0.14822007527164008        8.8645379201017963E-002
          96 -0.14739788275192153        8.8598091020521283E-002
          97 -0.14608282119010610        8.8553761100012174E-002
          98 -0.14483936671384462        8.8512127832379023E-002
          99 -0.14318693456761433        8.8472945468451872E-002
         100 -0.14198623745878297        8.8435980887788840E-002
