           1  -3.8780071646937966       0.92353209276520276     
           2  -2.9831949547700272       0.86709230085595346     
           3  -1.6131253195068613       0.73127939958575949     
           4  -1.7195004421668154       0.72865830446808733     
           5  -1.9383721688288316       0.72612152944247566     
           6  -2.1853880181810954       0.72401116759621331     
           7  -2.5242275211186391       0.72226217635692169     
           8  -2.9440195284369768       0.72075397122172968     
           9  -2.8078114662550435       0.71937204266674848     
          10  -2.6296486617134103       0.71800617985391391     
          11  -2.4513623160875544       0.71654367598801816     
          12  -2.2794795407242106       0.71485845857226671     
          13  -2.1146560186552974       0.71279272472462218     
          14  -1.9543882415261105       0.71012134808506211     
          15  -1.7950351300837033       0.70647597474032198     
          16  -1.6323411690672398       0.70117199440401612     
          17  -1.4606888051152553       0.69278133107875073     
          18  -1.2732393272875795       0.67795132399310742     
          19  -1.0627829124102883       0.64768433364941513     
          20 -0.83584229447811342       0.57505547446431327     
          21 -0.31380326242343776       0.44930864066428533     
          22 -0.20102387979869088       0.41313266388398012     
          23 -0.16170156057932217       0.39457379649861174     
          24 -0.13880381410937881       0.37624517429590737     
          25 -0.12540250203758668       0.35357895064018441     
          26 -0.12234420819970293       0.31893085294374779     
          27 -0.15054214715512887       0.24029339011422016     
          28 -0.16517272002923403       0.17140702649238995     
          29 -0.14363953753875364       0.16091339028750290     
          30 -0.13524136042220097       0.15324992091125511     
          31 -0.13008141062980566       0.14758316421338891     
          32 -0.12659815204655209       0.14330417065684112     
          33 -0.12458692157451734       0.13997309692799920     
          34 -0.12311376073975795       0.13724715685160407     
          35 -0.12215344012821622       0.13489158735397588     
          36 -0.12141130821238073       0.13276597681918251     
          37 -0.12022289652315189       0.13079374797265805     
          38 -0.11852071938318355       0.12893095521456274     
          39 -0.11687267775653974       0.12715334339795981     
          40 -0.11545322645788668       0.12544771437755198     
          41 -0.11414598088056789       0.12380607710395507     
          42 -0.11302155263817329       0.12222363839695739     
          43 -0.11210234150364835       0.12069892431041687     
          44 -0.11156739303973474       0.11923685982903733     
          45 -0.11062195819718573       0.11785378940784634     
          46 -0.10986196341512301       0.11654891361218765     
          47 -0.10919581338080403       0.11531250315080539     
          48 -0.10824790366930032       0.11413757743774808     
          49 -0.10792916218487676       0.11301654057799700     
          50 -0.10758039796932001       0.11194434198656135     
          51 -0.10730386350050382       0.11092048853813408     
          52 -0.10726460695546164       0.10994932407708639     
          53 -0.10718808194980699       0.10903636087919585     
          54 -0.10725553506094088       0.10818444873690594     
          55 -0.10767154396598590       0.10739440058153019     
          56 -0.10780524054809522       0.10666558016319871     
          57 -0.10808809330452031       0.10599591594173574     
          58 -0.10850164003655678       0.10538227158462751     
          59 -0.10880677732397935       0.10482091869818796     
          60 -0.10911194781662972       0.10430790906773443     
          61 -0.10949104941514418       0.10383931507227903     
          62 -0.10981845557263284       0.10341136465099555     
          63 -0.11020903442634708       0.10302050655150997     
          64 -0.11069572738277397       0.10266343546681395     
          65 -0.11129450530509812       0.10233709658320220     
          66 -0.11174576413675449       0.10203868036485358     
          67 -0.11226400983126762       0.10176561282248929     
          68 -0.11267923202556510       0.10151554359123875     
          69 -0.11314642002055861       0.10128633283798111     
          70 -0.11359756769216292       0.10107603751475580     
          71 -0.11411417216324676       0.10088289730377273     
          72 -0.11468326087864085       0.10070532053934469     
          73 -0.11532652045783309       0.10054187035477394     
          74 -0.11577771461069718       0.10039125126189385     
          75 -0.11625617536990714       0.10025229632529055     
          76 -0.11678256975548097       0.10012395504663006     
          77 -0.11730662629393639       0.10000528203150240     
          78 -0.11782226603350347        9.9895426474467766E-002
          79 -0.11848059476411602        9.9793622468624568E-002
          80 -0.11895669588663964        9.9699180123793654E-002
          81 -0.11951694861372479        9.9611477461577294E-002
          82 -0.12000009310924124        9.9529953044980288E-002
          83 -0.12057110946994991        9.9454099293895787E-002
          84 -0.12112063005392845        9.9383456434532585E-002
          85 -0.12162070845971605        9.9317607030006763E-002
          86 -0.12231170250399631        9.9256171040089256E-002
          87 -0.12280473513277070        9.9198801360033867E-002
          88 -0.12353367361628727        9.9145179791031449E-002
          89 -0.12440808380182916        9.9095013397986306E-002
          90 -0.12500596118887936        9.9048031213613774E-002
          91 -0.12574565860186093        9.9003981251375217E-002
          92 -0.12628553514454827        9.8962627793229424E-002
          93 -0.12653664067356588        9.8923748921697308E-002
          94 -0.12694015073212028        9.8887134269189103E-002
          95 -0.12763151032299128        9.8852582960989838E-002
          96 -0.12820474893983383        9.8819901731744347E-002
          97 -0.12886191135055175        9.8788903198816780E-002
          98 -0.12942475588624086        9.8759404279443935E-002
          99 -0.12990187508747961        9.8731224742414900E-002
         100 -0.13043856961702516        9.8704185888926793E-002
