           1  -3.9127102249738974       0.92371223687047710     
           2  -2.8066338810232292       0.86925776260906051     
           3  -1.5640350672238132       0.73230928437970555     
           4  -1.6842977545571298       0.72949369863741942     
           5  -1.9050169561262291       0.72672077460449958     
           6  -2.1484613377934960       0.72446735971518639     
           7  -2.4629995077347844       0.72261853340763604     
           8  -3.0606498146915113       0.72102782744778815     
           9  -2.7604060608357996       0.71956081945774086     
          10  -2.5341922405808250       0.71808541816062366     
          11  -2.3341158257121979       0.71645597780623405     
          12  -2.1481469997420994       0.71448874922761207     
          13  -1.9714786873618635       0.71191851495234948     
          14  -1.7969880464845793       0.70831065358303746     
          15  -1.6190433281430623       0.70286192611550835     
          16  -1.4317291038878195       0.69390732073686856     
          17  -1.2281344686478985       0.67764609562012845     
          18  -1.0052928622308650       0.64538025267856525     
          19 -0.78714077044534969       0.58150794572395714     
          20 -0.31905686600823646       0.44739272074161646     
          21 -0.16542490565560125       0.36610720955705039     
          22 -0.13491301970389211       0.33150244557869252     
          23 -0.12993776571653751       0.29023341477843773     
          24 -0.14735434250263427       0.22727166431401921     
          25 -0.22747562528308052       0.16280689711800095     
          26 -0.21920255897604576       0.15263074447249600     
          27 -0.21142907527398747       0.14866697810966450     
          28 -0.20773140571538323       0.14558117953909641     
          29 -0.20668094387943353       0.14329166283893510     
          30 -0.20741861024234309       0.14151524538615476     
          31 -0.20959725154405834       0.14006085433041582     
          32 -0.21345307255280355       0.13881310129858124     
          33 -0.21753987210976675       0.13770268109796621     
          34 -0.22006649407702070       0.13668737639276571     
          35 -0.22216731215150934       0.13574090882166362     
          36 -0.22536472016972423       0.13484649987022068     
          37 -0.22857487841549459       0.13399313446488950     
          38 -0.23312359733084032       0.13317336331154567     
          39 -0.23867049654234060       0.13238198826270814     
          40 -0.24644299108245191       0.13161526191393214     
          41 -0.24979942623143364       0.13087039179927915     
          42 -0.24970532450483809       0.13014522814235527     
          43 -0.25217236856686609       0.12943806403771124     
          44 -0.25840532396067306       0.12874750553276906     
          45 -0.26289175400297415       0.12807238575704424     
          46 -0.26578824233983939       0.12741170714566227     
          47 -0.26181987727606815       0.12676460178081747     
          48 -0.25774476890565556       0.12613030353890878     
          49 -0.25705770780469511       0.12550812800949809     
          50 -0.25739660073382026       0.12489745758641330     
          51 -0.25757970488731424       0.12429773004271075     
          52 -0.25709625681626092       0.12370842948326080     
          53 -0.25509863602852068       0.12312907894077596     
          54 -0.25327297826529710       0.12255923411837967     
          55 -0.25234491471258891       0.12199847793305615     
          56 -0.25213827198465882       0.12144641561074164     
          57 -0.25258772486661324       0.12090267014556012     
          58 -0.25342070549331952       0.12036687797496649     
          59 -0.25500115474461138       0.11983868474654640     
          60 -0.25745102201180770       0.11931774106508196     
          61 -0.26042403962119276       0.11880369811227920     
          62 -0.26238268183395047       0.11829620302731202     
          63 -0.26187954272700148       0.11779489392417980     
          64 -0.26048157160167407       0.11729939440123774     
          65 -0.25917637559437767       0.11680930736789920     
          66 -0.25848085222061440       0.11632420797103958     
          67 -0.25770582859026625       0.11584363534559350     
          68 -0.25732908356445217       0.11536708283474310     
          69 -0.25650112150902421       0.11489398621679932     
          70 -0.25588417587265627       0.11442370932634582     
          71 -0.25495313078981136       0.11395552624792640     
          72 -0.25395564373555063       0.11348859896363286     
          73 -0.25270716756091227       0.11302194890753819     
          74 -0.25160659029852228       0.11255442025076433     
          75 -0.24962513687664517       0.11208463179815695     
          76 -0.24794107347474345       0.11161091293338611     
          77 -0.24615224807090294       0.11113121678205375     
          78 -0.24452155735398978       0.11064300010499342     
          79 -0.24141845433593606       0.11014305335283228     
          80 -0.23493909630141982       0.10962725385769236     
          81 -0.22557682608156965       0.10909019648470339     
          82 -0.21778205226463698       0.10852462140811100     
          83 -0.21082351102592375       0.10792049139999935     
          84 -0.20413671999419672       0.10726343436813021     
          85 -0.19753177342538664       0.10653197760839303     
          86 -0.19129400743572358       0.10569237686151806     
          87 -0.18590861158525862       0.10468862051555913     
          88 -0.18373853702065879       0.10342471279236719     
          89 -0.18115281164388097       0.10175358355032263     
          90 -0.17658163050769027        9.9598307826217647E-002
          91 -0.17207930496864504        9.7699152671888931E-002
          92 -0.16467533252007846        9.6329006502249820E-002
          93 -0.16176276689269828        9.5110113325339515E-002
          94 -0.15815217695903985        9.4028928253658189E-002
          95 -0.15419213952315000        9.3156715375925500E-002
          96 -0.14953088306132800        9.3186569283144144E-002
          97 -0.14172529855813465       0.10396993748372735     
          98 -0.13914681431188786       0.10354910562087545     
          99 -0.13640829463474599       0.10306910299638680     
         100 -0.13428692344716422       0.10254683002226514     
