           1  -4.0838417756778211       0.92426368209836318     
           2  -3.6334764820515635       0.89144932578400804     
           3  -1.6702201993442629       0.73750005768140225     
           4  -1.6534089131363625       0.73051285633230056     
           5  -1.8741724214274302       0.72760436724443889     
           6  -2.1124758644938919       0.72518383580722068     
           7  -2.3769194774365077       0.72327308017981051     
           8  -2.7442271296629075       0.72172120342752466     
           9  -3.2191857562476369       0.72040254911266244     
          10  -2.9584109909383511       0.71921215036673947     
          11  -2.7370096520205007       0.71805660701939278     
          12  -2.5441107678670609       0.71684485437841960     
          13  -2.3700553321721007       0.71547829322664602     
          14  -2.2082815472635020       0.71383849429350377     
          15  -2.0538492943226498       0.71176911397235643     
          16  -1.9037634775333880       0.70904590591516770     
          17  -1.7547478124339404       0.70532353420901428     
          18  -1.6042276537771074       0.70003849795519146     
          19  -1.4504725108049978       0.69223390856118650     
          20  -1.2920232362673687       0.68027437732334417     
          21  -1.1325490476172992       0.66156771308016282     
          22 -0.97951567374197779       0.63309039912235898     
          23 -0.85399741294742304       0.59347181590841647     
          24 -0.78616910751967095       0.53659406459264281     
          25 -0.29950953783612305       0.44875547147475120     
          26 -0.15556814296134455       0.57596121273441003     
          27 -0.13348662914542922       0.61920773015582331     
          28 -0.12672364755999460       0.62242860715069803     
          29 -0.12390489529583185       0.61407760811813605     
          30 -0.12227711931414313       0.60364437201764121     
          31 -0.12089931806860597       0.59356762206359714     
          32 -0.11963262090904173       0.58414441840824649     
          33 -0.11838500623250924       0.57514866211843352     
          34 -0.11718341807674323       0.56633408807465124     
          35 -0.11612622656537397       0.55759450237809938     
          36 -0.11490794980315802       0.54901592817605149     
          37 -0.11381109085592479       0.54088269501174835     
          38 -0.11264707467113480       0.53364860920943169     
          39 -0.11142066625147186       0.52787545669753189     
          40 -0.10999436282328955       0.52414587173172034     
          41 -0.10840015470355807       0.52296390989020891     
          42 -0.10647826935898304       0.52465982591502847     
          43 -0.10426866949873027       0.52931010197764639     
          44 -0.10185675822018790       0.53666907207327263     
          45  -9.9204810250150016E-002  0.54608921766924223     
          46  -9.6511494324017413E-002  0.55638618501411463     
          47  -9.3916580915063289E-002  0.56558040178997282     
          48  -9.1699305696128719E-002  0.57043238900602700     
          49  -9.0954780725468892E-002  0.56594371637825147     
          50  -9.4409915156469085E-002  0.54655362427024945     
          51 -0.10588208632473826       0.51287644464717097     
          52 -0.12603239742858738       0.47739280977236226     
          53 -0.15408213802475160       0.44935402655701856     
          54 -0.20170760925741840       0.42722463497401647     
          55 -0.20068491065773780       0.41136516146012392     
          56 -0.21247273504884581       0.40561189855437946     
          57 -0.21172779790151838       0.41435128756807504     
          58 -0.18714349758168483       0.44190928752930803     
          59 -0.16709246280309165       0.44865648892656385     
          60 -0.15842336129139747       0.41256624837158046     
          61 -0.14407224844511354       0.38287858486484827     
          62 -0.12928686421605040       0.36662281165813687     
          63 -0.11528641937119065       0.35667170988977964     
          64 -0.10356182735878891       0.35057581991070969     
          65  -9.3646746538314909E-002  0.34624153764545829     
          66  -8.5837445259751025E-002  0.34261093030064438     
          67  -8.0382875276356763E-002  0.33934272119925696     
          68  -7.6922433928528308E-002  0.33576707785651444     
          69  -7.5363547145895229E-002  0.32885850922741316     
          70  -7.6232918643002676E-002  0.30105443085592049     
          71  -8.0553117285864229E-002  0.21315733162437223     
          72  -8.8990916673636372E-002  0.20586892911039267     
          73  -9.8671419780757205E-002  0.20355745451499813     
          74 -0.10474187745160730       0.20747827151601800     
          75 -0.10714617811790293       0.21220248600150632     
          76 -0.10551649196940172       0.21837375861723077     
          77 -0.10041361892671101       0.22888166778288110     
          78  -9.2892223241158950E-002  0.24330006355804348     
          79  -8.4544185771940630E-002  0.25661355742441699     
          80  -7.6607367522563016E-002  0.26613131442842147     
          81  -6.9381337341111821E-002  0.27244662356856530     
          82  -6.3102103809196022E-002  0.27632793896957170     
          83  -5.9031740474445392E-002  0.27784349352540516     
          84  -5.6352195776151665E-002  0.27685177566482461     
          85  -5.5284794218012509E-002  0.27350273165830513     
          86  -5.5644710478021324E-002  0.26834867033160098     
          87  -5.7121811467342874E-002  0.26211872903217587     
          88  -5.9628980358009905E-002  0.25545336390985640     
          89  -6.3035116091288826E-002  0.24880321914588149     
          90  -6.7218444217209350E-002  0.24246735117666393     
          91  -7.2113263043370152E-002  0.23665975032127945     
          92  -7.7690845065038303E-002  0.23154165852378519     
          93  -8.3690629338403197E-002  0.22722666494178242     
          94  -9.0285961678783319E-002  0.22378507751704055     
          95  -9.7731170858572178E-002  0.22125589776318064     
          96 -0.10560134229545054       0.21966006437515148     
          97 -0.11489546930738274       0.21900729038975872     
          98 -0.12466795647665048       0.21928901372077952     
          99 -0.13442595559619128       0.22044111031684796     
         100 -0.13913963360064779       0.22224022942452124     
