           1  -3.9239496268153022       0.92077706176836305     
           2  -2.4150681345624787       0.82174341554692598     
           3  -1.5869354503943804       0.73159137286085318     
           4  -1.7865971393089206       0.72890366138329854     
           5  -2.0358651153974998       0.72614546854114681     
           6  -2.3100868456529127       0.72398608771195672     
           7  -2.6633554224894906       0.72226480139541549     
           8  -3.4331055085321003       0.72083318947423125     
           9  -2.9950544711537725       0.71956520271157165     
          10  -2.7470599034854479       0.71834833179960855     
          11  -2.5433536865726118       0.71707348694414186     
          12  -2.3630846378663537       0.71562429379976700     
          13  -2.1967980366775581       0.71386402306296981     
          14  -2.0402046928108675       0.71161527126072699     
          15  -1.8861082248033296       0.70862128754108733     
          16  -1.7300470946431568       0.70446358692433941     
          17  -1.5764339418567006       0.69837548781289005     
          18  -1.4102309165540108       0.68879776419276062     
          19  -1.2305907346173774       0.67226091743165806     
          20  -1.0362847251299800       0.64054373525707997     
          21 -0.84480824928381559       0.57399253051899446     
          22 -0.30030600549009695       0.44094195418291482     
          23 -0.16326920213166343       0.39086185195025458     
          24 -0.13742253776417698       0.36960681515601218     
          25 -0.13172745314889497       0.34988158777152839     
          26 -0.13337327131230117       0.32492657765501715     
          27 -0.14103455753138308       0.28722452828171940     
          28 -0.16418174149981848       0.22347347164806744     
          29 -0.21630175413769656       0.16168768459847147     
          30 -0.17440667146766287       0.15607868122741680     
          31 -0.16117142277034019       0.15184027695859811     
          32 -0.15559165965987701       0.14728405736577538     
          33 -0.15297517661322296       0.14338490152677871     
          34 -0.15151906529559742       0.14018527812518444     
          35 -0.15101567931518808       0.13755049265984856     
          36 -0.15114604320856603       0.13534993191386913     
          37 -0.15153880930323310       0.13348256392408922     
          38 -0.15152395158315096       0.13187507486170555     
          39 -0.15149873897121360       0.13047613147537562     
          40 -0.15231006737753564       0.12925085138515371     
          41 -0.15248809087980467       0.12817627481538815     
          42 -0.15282663650382619       0.12723800333190555     
          43 -0.15335209642672892       0.12642792834720834     
          44 -0.15380081579552382       0.12574291130153892     
          45 -0.15430162626993968       0.12518436183443443     
          46 -0.15511152976175202       0.12475881005302690     
          47 -0.15587573072073443       0.12447971560173468     
          48 -0.15622663415877328       0.12437079126731609     
          49 -0.15659786119635663       0.12447070527041408     
          50 -0.15515348018654318       0.12483723163141615     
          51 -0.15371326654770606       0.12554374237533059     
          52 -0.15574486705201293       0.12665090964782794     
          53 -0.16605936429773865       0.12813483355088945     
          54 -0.18662864876777890       0.12980463109215737     
          55 -0.17976307269799344       0.13133325819706068     
          56 -0.16486173696363043       0.13245062708578004     
          57 -0.15337167408829844       0.13310455263239565     
          58 -0.14838199206271188       0.13342114248798301     
          59 -0.14712142216824001       0.13355639099507502     
          60 -0.14822311514432776       0.13361461674907035     
          61 -0.15040158916321988       0.13364930302702901     
          62 -0.15286199030263087       0.13368546623732983     
          63 -0.15370332409337673       0.13373541793495528     
          64 -0.15436879108840493       0.13380635314797806     
          65 -0.15474420050090057       0.13390340842239523     
          66 -0.15523763184116801       0.13403070044430215     
          67 -0.15532462318412549       0.13419154702683700     
          68 -0.15577823685246614       0.13438839166585756     
          69 -0.15633716060260541       0.13462265965726947     
          70 -0.15687320465420229       0.13489465105194659     
          71 -0.15754737980777989       0.13520351918552667     
          72 -0.15822918931078572       0.13554735208838975     
          73 -0.15893231811308786       0.13592335364078248     
          74 -0.15981117611592796       0.13632810766157008     
          75 -0.16037626115915110       0.13675790001947297     
          76 -0.16104451406397782       0.13720907073301322     
          77 -0.16192021158350955       0.13767836906351946     
          78 -0.16295819869340289       0.13816328858904611     
          79 -0.16403621910196178       0.13866236480639962     
          80 -0.16507873672929638       0.13917542384086959     
          81 -0.16647531869914120       0.13970377643013282     
          82 -0.16777817756937241       0.14025035506109521     
          83 -0.16932557747767496       0.14081979189989108     
          84 -0.17097798331004535       0.14141842930014856     
          85 -0.17252126101470996       0.14205424311090578     
          86 -0.17456961517296440       0.14273664331948330     
          87 -0.17720059527417806       0.14347609915599074     
          88 -0.17903052352381041       0.14428351874469025     
          89 -0.18062168199802239       0.14516929777880272     
          90 -0.18245158724977198       0.14614193811760284     
          91 -0.18511539954892775       0.14720612902507946     
          92 -0.18518124268970612       0.14836019452441698     
          93 -0.18620446402830099       0.14959287503552668     
          94 -0.18784243977434140       0.15087959668031661     
          95 -0.19062744623826328       0.15217878124956960     
          96 -0.19450983037663039       0.15342944649518378     
          97 -0.19900928993061226       0.15455234004184759     
          98 -0.20440601317748167       0.15545804242377703     
          99 -0.21083113722681046       0.15606675407691228     
         100 -0.21678490889226784       0.15634445349999240     
