           1  -3.8193601343147687       0.92170153852485637     
           2  -2.5146991282472890       0.83249246951331424     
           3  -1.5825669773346303       0.73164964892249240     
           4  -1.7728906023732318       0.72906369745772193     
           5  -2.0181890848812909       0.72635134784324396     
           6  -2.2842582504259190       0.72423220741326189     
           7  -2.6066734089710581       0.72256211915469781     
           8  -3.3007392500386725       0.72120340786963844     
           9  -3.1395133340335648       0.72003947877126684     
          10  -2.9202032066617898       0.71896749057794185     
          11  -2.7121469124183606       0.71788868519952642     
          12  -2.5239757100527220       0.71669751898596878     
          13  -2.3501268489573408       0.71526827293568052     
          14  -2.1850486576604076       0.71343508356653151     
          15  -2.0234390949753536       0.71095572078310365     
          16  -1.8608062251350241       0.70743489319222885     
          17  -1.6916481884582930       0.70214105832970108     
          18  -1.5056154413791367       0.69351682368702150     
          19  -1.3082232508469820       0.67770048200237754     
          20  -1.0769181715943597       0.64365175749875903     
          21 -0.82762474391531071       0.56191607383675657     
          22 -0.29582302866471466       0.42905248037980304     
          23 -0.16891325396337123       0.36548487442359601     
          24 -0.14096959760062366       0.33550921797976901     
          25 -0.13615981039041097       0.30245179853906545     
          26 -0.14747353960856549       0.25370095374518487     
          27 -0.19071025829667251       0.18376215761359671     
          28 -0.23229838999597610       0.15271382572540074     
          29 -0.21457995041187478       0.14843551742984110     
          30 -0.20815100192925995       0.14497749817162811     
          31 -0.20515426572207204       0.14223994966877920     
          32 -0.20261117029889558       0.14009442985082241     
          33 -0.20097162090773163       0.13836426598742194     
          34 -0.19991091298014210       0.13691756640992681     
          35 -0.19856513448027344       0.13566353583791493     
          36 -0.19760664991330645       0.13454144224025474     
          37 -0.19736623017326965       0.13351115754090026     
          38 -0.19724506521118493       0.13254619958557629     
          39 -0.19684682585178995       0.13162895165472477     
          40 -0.19667837432676874       0.13074750048162256     
          41 -0.19645806118928133       0.12989358657960606     
          42 -0.19624553778490014       0.12906128575347858     
          43 -0.19590646439759946       0.12824615961067956     
          44 -0.19517149001768677       0.12744470318766993     
          45 -0.19425701781310542       0.12665397968106115     
          46 -0.19352017712511024       0.12587137247442975     
          47 -0.19274018765384845       0.12509441004776875     
          48 -0.19193496582205039       0.12432063518425818     
          49 -0.19099862773622300       0.12354749970474309     
          50 -0.18997162038577364       0.12277227203987771     
          51 -0.18878174169185896       0.12199194870799239     
          52 -0.18743551220372576       0.12120316308219872     
          53 -0.18595383175129210       0.12040208627415244     
          54 -0.18415531684408765       0.11958431595333482     
          55 -0.18214475123847462       0.11874474983849713     
          56 -0.17990262762170334       0.11787744188541233     
          57 -0.17736821624606758       0.11697544150834113     
          58 -0.17452046532143528       0.11603062068332955     
          59 -0.17134106909805166       0.11503350294956219     
          60 -0.16780657428481524       0.11397312809715440     
          61 -0.16392374751623331       0.11283703235340424     
          62 -0.15956947008344097       0.11161153798238965     
          63 -0.15485315287093804       0.11028283746666045     
          64 -0.14966841661928534       0.10884009468317023     
          65 -0.14410541222534543       0.10728341718013810     
          66 -0.13814393528484553       0.10563075131964555     
          67 -0.13198623171405513       0.10394760513725876     
          68 -0.12561868283807570       0.10240792740780724     
          69 -0.11962377514854002       0.10122409525751067     
          70 -0.11503669672652748       0.10042134871092827     
          71 -0.11219340534486159        9.9781151375458677E-002
          72 -0.11120824418288587        9.9099664048615796E-002
          73 -0.11158974708435855        9.8343689948984681E-002
          74 -0.11264016183448874        9.7559155457268412E-002
          75 -0.11518799848547101        9.6789179604558906E-002
          76 -0.11795296034842591        9.6058318416597233E-002
          77 -0.12061093281490616        9.5378032784974795E-002
          78 -0.12341132195481902        9.4752501539066447E-002
          79 -0.12519375653881637        9.4181971485825661E-002
          80 -0.12731864599940765        9.3664498584989139E-002
          81 -0.12884218921898147        9.3196890041575345E-002
          82 -0.13180721048504526        9.2775264633870813E-002
          83 -0.13272455662397961        9.2395417202599237E-002
          84 -0.13368848706982711        9.2053069069390647E-002
          85 -0.13549678661776057        9.1744042796347194E-002
          86 -0.13715141470633074        9.1464381578963888E-002
          87 -0.13702417153578608        9.1210425720120850E-002
          88 -0.13815011498707092        9.0978855182604484E-002
          89 -0.13837468054565805        9.0766705707669995E-002
          90 -0.13827255448400477        9.0571365204926479E-002
          91 -0.13862952434880821        9.0390556418618484E-002
          92 -0.13839235471119002        9.0222311001715488E-002
          93 -0.13862555760766673        9.0064939094314247E-002
          94 -0.13877468384396990        8.9916997439439414E-002
          95 -0.13863266028124158        8.9777258110505118E-002
          96 -0.13870816287610002        8.9644679146280049E-002
          97 -0.13844083103132684        8.9518377807313670E-002
          98 -0.13823047765144666        8.9397606760641679E-002
          99 -0.13827525249424608        8.9281733230511362E-002
         100 -0.13830682316710685        8.9170220985651097E-002
