           1  -3.8800828533488008       0.92331812848645223     
           2  -2.8411353297857134       0.86116563889501085     
           3  -1.5679538473801922       0.73249243428962596     
           4  -1.7378572297726649       0.72976894216966270     
           5  -1.9861334344712265       0.72686758793780659     
           6  -2.2483128629756437       0.72462495282625017     
           7  -2.5420070581369845       0.72288366409517590     
           8  -3.0101948565998651       0.72149374209793526     
           9  -3.2375471685586694       0.72033272454155017     
          10  -3.0594573282843678       0.71929689468651625     
          11  -2.8714089940746446       0.71829118418883198     
          12  -2.6849739341673349       0.71721912317462289     
          13  -2.5054091306779469       0.71597223835409540     
          14  -2.3325150581725747       0.71441681066712270     
          15  -2.1628803112730699       0.71237334217751813     
          16  -1.9971725416646462       0.70957810081075212     
          17  -1.8285798131317164       0.70560142980269458     
          18  -1.6547026259789002       0.69965964395040603     
          19  -1.4710370009074383       0.69014702332428768     
          20  -1.2730558009794948       0.67332168979790508     
          21  -1.0557167016648255       0.63877857873071220     
          22 -0.78488754866621213       0.54785321935058640     
          23 -0.21219906526506424       0.41565731478715723     
          24 -0.13780522893439578       0.37261986675869457     
          25 -0.10997423377149650       0.34584592026271838     
          26 -0.11381037064385355       0.32580369126156083     
          27 -0.12543587885501345       0.28900934288550983     
          28 -0.17511281040312235       0.25566671024245818     
          29 -0.24074866808935916       0.24681917647172516     
          30 -0.23208414265980956       0.24137359053410695     
          31 -0.22847320420550996       0.23823079861816912     
          32 -0.22866588721277140       0.23565305824569044     
          33 -0.22486125846207569       0.23306663398937108     
          34 -0.22023115508467811       0.23035002167693633     
          35 -0.21763145215321883       0.22750076792980642     
          36 -0.21508283042859658       0.22455604319810232     
          37 -0.21468844066386170       0.22157237710634789     
          38 -0.21459676047118592       0.21861344398976673     
          39 -0.21134925001799124       0.21573709849117589     
          40 -0.20757174343512030       0.21298420408678523     
          41 -0.20436558093987664       0.21037352706494264     
          42 -0.20135647385227656       0.20790444286247578     
          43 -0.19878055314931686       0.20556511979808048     
          44 -0.19664996937187426       0.20334144024434866     
          45 -0.19500009915919114       0.20122279682051658     
          46 -0.19360788735403270       0.19920353396388751     
          47 -0.19258186636429248       0.19728099208636843     
          48 -0.19198503756524554       0.19545199697464730     
          49 -0.19121419270592308       0.19370949421227124     
          50 -0.19003679712353291       0.19204041785762277     
          51 -0.18883461217805925       0.19042521430512271     
          52 -0.18780914146657457       0.18883892472581446     
          53 -0.18626166959153018       0.18725342391374539     
          54 -0.18462521216397984       0.18564026023080377     
          55 -0.18279651516371223       0.18397348706176492     
          56 -0.18102843111033404       0.18223225917407984     
          57 -0.17889758812012496       0.18040354262899891     
          58 -0.17650479700938260       0.17848450777852945     
          59 -0.17412313314721992       0.17648347065281572     
          60 -0.17165702705093902       0.17441885714551428     
          61 -0.16912420569547917       0.17231638375429872     
          62 -0.16664843993006620       0.17020515091106028     
          63 -0.16445954153299058       0.16811360857358276     
          64 -0.16175636253555822       0.16606625113110535     
          65 -0.15963196484991490       0.16408154471304726     
          66 -0.15773467210877978       0.16217125848338834     
          67 -0.15597611723736840       0.16034104393983548     
          68 -0.15474404157666857       0.15859173098629858     
          69 -0.15317159683485465       0.15692073742070559     
          70 -0.15250797450075240       0.15532327581200220     
          71 -0.15146841900390920       0.15379331055996653     
          72 -0.15101074071734263       0.15232430931195801     
          73 -0.14987220525177058       0.15090982796282404     
          74 -0.14923142193214595       0.14954394628789880     
          75 -0.14874743292021017       0.14822155978000084     
          76 -0.14838010105906710       0.14693853492160899     
          77 -0.14828649501898328       0.14569174383872238     
          78 -0.14846608778075873       0.14447900309194964     
          79 -0.14736241608422429       0.14329894592655976     
          80 -0.14662908950999917       0.14215085663305158     
          81 -0.14641950234747625       0.14103449111394165     
          82 -0.14573840784823947       0.13994990150078318     
          83 -0.14550932022368721       0.13889727658255627     
          84 -0.14551901675688217       0.13787680492161933     
          85 -0.14599086012251608       0.13688856407405006     
          86 -0.14625937674876180       0.13593243703265140     
          87 -0.14693514646907146       0.13500805545096975     
          88 -0.14760251911719000       0.13411476803674166     
          89 -0.14872208985566501       0.13325163154184635     
          90 -0.15035345395283944       0.13241742099542214     
          91 -0.15234450244099884       0.13161065528387153     
          92 -0.15482593335768080       0.13082963394105954     
          93 -0.15785769827188084       0.13007248109431399     
          94 -0.16190588888819327       0.12933719287858295     
          95 -0.16680486274276651       0.12862168519711561     
          96 -0.17258039689068980       0.12792383937076357     
          97 -0.17909764796190492       0.12724154388710388     
          98 -0.18578091044306960       0.12657273107024372     
          99 -0.18914825534101010       0.12591540800811452     
         100 -0.18883059163788649       0.12526768148824677     
