           1  -3.9998089203430114       0.92415699184938271     
           2  -2.8758504749135967       0.87835026185151266     
           3  -1.5259272805433159       0.73421017357291340     
           4  -1.6755033461678142       0.73099621783927982     
           5  -1.9330491850416252       0.72781141390440429     
           6  -2.2182861038919239       0.72535141352322230     
           7  -2.5718033836593674       0.72344584389880728     
           8  -3.3436340687737318       0.72192840812943593     
           9  -3.0999369928350875       0.72066426809135398     
          10  -2.8813724395831453       0.71953975913016799     
          11  -2.6871864569454926       0.71845037858822913     
          12  -2.5108378440064709       0.71728816325467426     
          13  -2.3457075866393575       0.71592695419592578     
          14  -2.1863790193560670       0.71420175391751817     
          15  -2.0289307497765146       0.71187433036761583     
          16  -1.8691761886694012       0.70856783903342002     
          17  -1.7030498574269675       0.70362911620927582     
          18  -1.5261837040285273       0.69580898858661866     
          19  -1.3342413206739270       0.68243119877709491     
          20  -1.1221570882208431       0.65685999343569024     
          21 -0.89584260915132119       0.59794986791052385     
          22 -0.24422779352762700       0.42676137080454346     
          23 -0.13556536861960761       0.35670546572964384     
          24 -0.11130750532734905       0.32163184787895033     
          25 -0.10926909718421600       0.28108669306361211     
          26 -0.12792861000944694       0.21395851398642965     
          27 -0.20039637639577881       0.16779712693626056     
          28 -0.19297319966469667       0.16864065019095129     
          29 -0.19360222959828136       0.16610969578479232     
          30 -0.19277209116903030       0.16440782183884228     
          31 -0.19176453002316127       0.16297935214412793     
          32 -0.19170426512600017       0.16166515865790185     
          33 -0.19173577487686805       0.16041690158566124     
          34 -0.19173192135919392       0.15921638982702918     
          35 -0.19208480231327926       0.15805469210387224     
          36 -0.19254626156246410       0.15692625816351938     
          37 -0.19298620584030876       0.15582705786927648     
          38 -0.19334470551511279       0.15475389615367074     
          39 -0.19392711624652212       0.15370411423607289     
          40 -0.19454818756572795       0.15267543646941914     
          41 -0.19518858829222038       0.15166588091926259     
          42 -0.19577005662446184       0.15067370235447558     
          43 -0.19648345118844562       0.14969735427617728     
          44 -0.19710392042464353       0.14873546365266185     
          45 -0.19772115631682927       0.14778681501029273     
          46 -0.19843034480780131       0.14685034185884466     
          47 -0.19918301786148271       0.14592512404561317     
          48 -0.19988669037051987       0.14501038993513096     
          49 -0.20063308267305591       0.14410552247566297     
          50 -0.20149003533221521       0.14321006831482533     
          51 -0.20243709274136348       0.14232374919275143     
          52 -0.20337041735969813       0.14144647487894785     
          53 -0.20438517955682758       0.14057835692482490     
          54 -0.20522262608136105       0.13971972246958361     
          55 -0.20634340682479474       0.13887112725170547     
          56 -0.20771078632334369       0.13803336682995418     
          57 -0.20912288955606034       0.13720748479776448     
          58 -0.21052499737350866       0.13639477648496495     
          59 -0.21241014796883337       0.13559678630594188     
          60 -0.21467812246578935       0.13481529659437655     
          61 -0.21724663143533893       0.13405230556433151     
          62 -0.21991750230624377       0.13330999208998037     
          63 -0.22355362728132633       0.13259066544838374     
          64 -0.22682295606333708       0.13189669917517646     
          65 -0.22962266233385684       0.13123044990053742     
          66 -0.23065389203154654       0.13059416454266259     
          67 -0.23160828469189595       0.12998988230681702     
          68 -0.23295802688441519       0.12941934079634945     
          69 -0.23223120442489387       0.12888389698000396     
          70 -0.23154247064386127       0.12838447273070844     
          71 -0.23035426851709265       0.12792153101570070     
          72 -0.23019762756806442       0.12749508363983705     
          73 -0.22855421134535445       0.12710472649188978     
          74 -0.22698383174819176       0.12674969501118807     
          75 -0.22448127633272777       0.12642893156825932     
          76 -0.22170998565309072       0.12614115714068030     
          77 -0.21885808380246044       0.12588494116555388     
          78 -0.21540595621764208       0.12565876505932266     
          79 -0.21211096845524313       0.12546107632596804     
          80 -0.20900965322801129       0.12529033143416499     
          81 -0.20646972508139988       0.12514502681258255     
          82 -0.20454281622419124       0.12502371840294968     
          83 -0.20222696436933210       0.12492503114818601     
          84 -0.20028077725182511       0.12484766047171741     
          85 -0.19889617565834086       0.12479036814773009     
          86 -0.19750820578313258       0.12475197495917406     
          87 -0.19644183466936549       0.12473135224505527     
          88 -0.19565625156561428       0.12472741394930051     
          89 -0.19508405075256049       0.12473911021289101     
          90 -0.19462781504259424       0.12476542299967573     
          91 -0.19438735731670020       0.12480536378647741     
          92 -0.19431043896725586       0.12485797301665805     
          93 -0.19453263249020861       0.12492232081979103     
          94 -0.19479126421538284       0.12499750842160591     
          95 -0.19514932257089057       0.12508266967980330     
          96 -0.19580077331299747       0.12517697225217753     
          97 -0.19659191869899351       0.12527961800612977     
          98 -0.19769092969798782       0.12538984239319123     
          99 -0.19911501964405132       0.12550691262437888     
         100 -0.20103925126957384       0.12563012458461559     
