           1  -3.8026908735593619       0.92220669133913735     
           2  -2.5567675157314116       0.83937117678413775     
           3  -1.5613550065657242       0.73258295281535957     
           4  -1.7685829082953777       0.72961815092232873     
           5  -2.0383187889196051       0.72665781682581465     
           6  -2.3602481638647230       0.72435645517496494     
           7  -3.0435117748984868       0.72252495447433673     
           8  -2.9328188322727264       0.72099594205918993     
           9  -2.7637277892881542       0.71962869684054720     
          10  -2.5878544543267390       0.71829832223922074     
          11  -2.4223323336600351       0.71688519391427807     
          12  -2.2662699536951312       0.71526505831977572     
          13  -2.1179027643984121       0.71329710437763305     
          14  -1.9746474169149704       0.71080246002665437     
          15  -1.8321291876731867       0.70751522583922588     
          16  -1.6870241147026261       0.70296426751248964     
          17  -1.5341504489250168       0.69617868172184449     
          18  -1.3668678198035855       0.68488607350683639     
          19  -1.1758556920268957       0.66295859701258386     
          20 -0.94871745631380189       0.61072530824966942     
          21 -0.41443253410242759       0.47847038694398125     
          22 -0.18670355248662504       0.40665233692615932     
          23 -0.12596729879501234       0.36864042776418787     
          24 -0.10254409362054484       0.34436617254613805     
          25  -9.7182585439448535E-002  0.31844372603387455     
          26 -0.10407431956654842       0.27953060965683668     
          27 -0.12789611964955955       0.21663133202713231     
          28 -0.19281123106135820       0.17766731091360102     
          29 -0.19022148510577111       0.16657456048278843     
          30 -0.18191404753174178       0.15733838477838233     
          31 -0.16663153461060914       0.15063841615360779     
          32 -0.15758411960663471       0.14606171171836463     
          33 -0.15193062113230460       0.14288878587680545     
          34 -0.14780699795570112       0.14051275253141521     
          35 -0.14452448436222920       0.13854335638099119     
          36 -0.14150572572970632       0.13675808662666183     
          37 -0.13800427254852146       0.13503798083360841     
          38 -0.13456266089905175       0.13332185008556185     
          39 -0.13071153744489128       0.13158322434468842     
          40 -0.12612653325775663       0.12982975312389627     
          41 -0.12084130207488204       0.12813140126768102     
          42 -0.11461597811364461       0.12669312646698541     
          43 -0.10747899972366001       0.12594240147679581     
          44 -0.10142330589666447       0.12569692140033803     
          45  -9.7213215928809812E-002  0.12240987091897824     
          46  -9.7692604188635790E-002  0.11315257718220254     
          47  -9.7840608226159365E-002  0.11189559691202650     
          48  -9.7992852509768219E-002  0.11088520561418905     
          49  -9.7917146294892107E-002  0.11003314884476403     
          50  -9.7483538820553980E-002  0.10954325240708766     
          51  -9.7256315213990169E-002  0.10919022245481698     
          52  -9.7057279199758720E-002  0.10885058078432459     
          53  -9.6890596293004810E-002  0.10850212073258804     
          54  -9.6923611085044048E-002  0.10814031890630950     
          55  -9.7448578798776095E-002  0.10776417930514988     
          56  -9.7702140944236474E-002  0.10737558888651096     
          57  -9.7332420832200922E-002  0.10697784013540879     
          58  -9.6824144730517259E-002  0.10657449724135365     
          59  -9.6928278952407590E-002  0.10616899852153357     
          60  -9.7053778275585409E-002  0.10576452082682737     
          61  -9.6887112863427938E-002  0.10536395178798739     
          62  -9.5880567312357251E-002  0.10496992060477157     
          63  -9.5276312847282288E-002  0.10458482060434694     
          64  -9.4327931401272297E-002  0.10421065769103262     
          65  -9.3520112275890577E-002  0.10384869272807973     
          66  -9.2951576026220784E-002  0.10349939225428742     
          67  -9.2201161043212979E-002  0.10316286116215781     
          68  -9.1637267889054824E-002  0.10283916100047737     
          69  -9.1201913411744315E-002  0.10252834697714366     
          70  -9.0702863711923071E-002  0.10223042574504967     
          71  -9.0192117435359209E-002  0.10194532889492261     
          72  -8.9879330295150342E-002  0.10167290756131155     
          73  -8.9425662806134926E-002  0.10141293851689169     
          74  -8.9153868648660914E-002  0.10116513506523259     
          75  -8.8417106701770415E-002  0.10092915932888825     
          76  -8.7987266400159400E-002  0.10070463434659051     
          77  -8.7615059874686110E-002  0.10049115527654139     
          78  -8.7244620340570525E-002  0.10028829941818816     
          79  -8.7018134424725821E-002  0.10009563495755303     
          80  -8.6754309121894038E-002   9.9912728430877257E-002
          81  -8.6370663953313748E-002   9.9739150946385371E-002
          82  -8.6081953900899261E-002   9.9574483230862085E-002
          83  -8.5798748976088232E-002   9.9418319588682844E-002
          84  -8.5498367423313265E-002   9.9270270877228201E-002
          85  -8.5261873530235094E-002   9.9129966614512705E-002
          86  -8.4975840864892863E-002   9.8997056340384304E-002
          87  -8.4746215279074208E-002   9.8871210351914054E-002
          88  -8.4504386799678408E-002   9.8752119927353055E-002
          89  -8.4298628521262617E-002   9.8639497142941290E-002
          90  -8.4101672883024253E-002   9.8533074374634530E-002
          91  -8.3891620680345114E-002   9.8432603563957610E-002
          92  -8.3712237702813358E-002   9.8337855314560338E-002
          93  -8.3537278176687005E-002   9.8248617874617056E-002
          94  -8.3378343013263342E-002   9.8164696049827568E-002
          95  -8.3207851383348172E-002   9.8085910082805469E-002
          96  -8.3064182974719417E-002   9.8012094527033813E-002
          97  -8.2963129698904445E-002   9.7943097136893753E-002
          98  -8.2786487805150993E-002   9.7878777789976210E-002
          99  -8.2651581834085747E-002   9.7819007453134252E-002
         100  -8.2576671274594490E-002   9.7763667200015822E-002
