           1  -3.8689918722614869       0.92390414664571563     
           2  -3.0689160064524885       0.88080286218643933     
           3  -1.5415666662338976       0.73446703250906986     
           4  -1.6326398547848937       0.73184528977862373     
           5  -1.8760238711544077       0.72856666671433967     
           6  -2.1375733591577353       0.72599892232805729     
           7  -2.4193479553608399       0.72405418749919714     
           8  -2.7485758045925417       0.72256758800761467     
           9  -3.3912046918143464       0.72141060374947397     
          10  -3.3763282586166987       0.72048546415776804     
          11  -3.3430276036960258       0.71971611198401664     
          12  -3.2318486967026017       0.71904002801450817     
          13  -3.0771316925008008       0.71840145864465077     
          14  -2.9182176047708213       0.71774573148961052     
          15  -2.7639828003719673       0.71701417599904271     
          16  -2.6151619634189260       0.71613923043764993     
          17  -2.4706582056071507       0.71503941339956389     
          18  -2.3292707641065964       0.71361380002761465     
          19  -2.1894652421718419       0.71173508872550273     
          20  -2.0499575956444782       0.70923838422660490     
          21  -1.9092060138712963       0.70589813067020735     
          22  -1.7664018682535527       0.70137828362037280     
          23  -1.6211791546426044       0.69513735216682393     
          24  -1.4744233482542071       0.68628969110056870     
          25  -1.3289953212373193       0.67350817864167667     
          26  -1.1904592846752260       0.65527274307867178     
          27  -1.0688722262183754       0.63095523386543317     
          28 -0.97418552468637254       0.60185854699079500     
          29 -0.89303552666320773       0.56808721557736430     
          30 -0.55446344387863666       0.52020724086667347     
          31 -0.25910895814737239       0.48451522208077924     
          32 -0.12552240030022296        1.2535131961901764     
          33 -0.11893231530239433        1.6781244778601037     
          34 -0.11777353961703781        1.8049375774264140     
          35 -0.11702565565258259        1.8542043258878442     
          36 -0.11639113283482858        1.8819390454076441     
          37 -0.11586105840385214        1.9067527170194614     
          38 -0.11510963555508447        1.9328811529790746     
          39 -0.11364462785544939        1.9560777412286132     
          40 -0.11067093385289246        1.9622974258610784     
          41 -0.10497874571728570        1.9142415372758865     
          42  -9.9495020828407388E-002   1.8372420118245718     
          43  -9.6866233265591503E-002   1.7929359374972069     
          44  -9.4820489417557968E-002   1.7970338459594277     
          45  -9.2172558263626261E-002   1.7900466907625197     
          46  -8.9509539638509258E-002   1.7859932173107733     
          47  -8.6139087595805380E-002   1.7810609467287919     
          48  -8.1226144590429608E-002   1.7612046933669638     
          49  -7.6613376257505070E-002   1.7480420204018967     
          50  -7.2531396285409805E-002   1.7481457952606863     
          51  -6.8910650377898355E-002   1.7442403678316127     
          52  -6.8502284590232998E-002   1.7642003916389604     
          53  -7.0925677723288519E-002   1.7834229496112508     
          54  -7.5249346169792869E-002   1.7646660526174669     
          55  -7.6579247079640450E-002   1.5718405931932897     
          56  -6.2114914748082339E-002   1.2809846266015146     
          57  -3.3836554767067227E-002   1.1207858008601141     
          58 -0.12840384372444272        1.4291627009960637     
          59 -0.16671921456207756        1.3895381442570756     
          60 -0.19730627441157267        1.3436763385266906     
          61 -0.16688548570878292        1.2664295482876047     
          62 -0.11430217817521765        1.2907586234474455     
          63 -0.13233365513687376        1.3747693197450404     
          64 -0.17015591321462756        1.3835485964544123     
          65 -0.15306728325724622        1.4170420942903896     
          66 -0.14903205433295955        1.5163750202885633     
          67 -0.15112426450954891        1.6318167432548738     
          68 -0.14770439112397729        1.7181417584306444     
          69 -0.13950143961348285        1.7549958746157333     
          70 -0.11432618650584490        1.7179955323113540     
          71 -0.10259250991892084        1.6968856291484229     
          72 -0.10727753028709261        1.7282133061037765     
          73 -0.11758344515549350        1.8302772374188514     
          74 -0.13069267734153991        1.9822749947860658     
          75 -0.14943623255895339        2.0888072537971589     
          76 -0.16778458558635523        2.3407788507018257     
          77 -0.17922321289917911        2.5857238179549591     
          78 -0.18672135433476600        2.8308956253837771     
          79 -0.17952241009154091        3.0553247745385317     
          80 -0.17694305417462541        3.2223149388182164     
          81 -0.16454719770036477        3.2105789822337600     
          82 -0.13640596208327338        2.9727714809837162     
          83  -8.7987583960447896E-002   2.5528579092260326     
          84  -4.9099588263627671E-003   2.0431013504516291     
          85  -9.4648888824167329E-003  0.85469791228805858     
          86  -2.2740193151234604E-002   1.9266736944682654     
          87  -2.2940223548262650E-002   1.7987783489008393     
          88  -2.0687409698883399E-002   1.7432327923947601     
          89  -5.7349603946583241E-003  0.87530121475482414     
          90  -1.4895634986944238E-002   1.3294294066830268     
          91  -7.4961241610440654E-002   2.2602976403137602     
          92 -0.22293448821371531        5.3038062468369374     
          93 -0.11013825781256513        3.7081392059712113     
          94  -3.9731239581649438E-002   2.9946044800099312     
          95 -0.11034693825587297        3.9077178838497604     
          96 -0.12343450318010209        4.7134978995149810     
          97 -0.35139513511577380        5.7273736065163368     
          98 -0.20179193392207201        4.9521731746906461     
          99  -3.4220889063488975E-002   2.9946130865544767     
         100  -1.9567141216249043E-002   2.5232784022676604     
