           1  -4.1682795408017821       0.92371106178184326     
           2  -3.2179427582334985       0.87131441955293321     
           3  -1.6098203318022082       0.73213676918208537     
           4  -1.7446917047300519       0.72945782442859508     
           5  -1.9966462917661685       0.72668759962575502     
           6  -2.2761618603505118       0.72450165895844465     
           7  -2.6139263340611136       0.72279693354181562     
           8  -3.3422129747778939       0.72144292936989363     
           9  -3.2310091321127872       0.72032823907040544     
          10  -3.0405878898994185       0.71935672947529539     
          11  -2.8500614543851852       0.71843980261153695     
          12  -2.6709869793222909       0.71748705984855121     
          13  -2.5001036391178721       0.71639512824860563     
          14  -2.3341612393432438       0.71503253962824775     
          15  -2.1703742949434943       0.71321584886259703     
          16  -2.0054289897370183       0.71066643598492174     
          17  -1.8362576546773746       0.70692341238407053     
          18  -1.6585992126139659       0.70115080544159103     
          19  -1.4684661924175859       0.69166986813832043     
          20  -1.2624414218843760       0.67472285425286027     
          21  -1.0393458051007407       0.64103982789553193     
          22 -0.82209606663630630       0.56408497274017122     
          23 -0.22112566822179094       0.40658883326064499     
          24 -0.13858776538693346       0.35613045401139776     
          25 -0.11773172515205310       0.32507174338238798     
          26 -0.11618286740814164       0.28792445067305783     
          27 -0.12933804000619581       0.22838695812132478     
          28 -0.19860659369884187       0.16041077919360544     
          29 -0.18316989424629906       0.15578641502137605     
          30 -0.17385591642596901       0.15393961580845494     
          31 -0.16820292247699151       0.15160005591817191     
          32 -0.16351821351727311       0.14932686296031730     
          33 -0.15988371886696923       0.14717328714760611     
          34 -0.15642020497165168       0.14512377455143818     
          35 -0.15352195127615811       0.14315523355197318     
          36 -0.15121314126317190       0.14124914789246579     
          37 -0.14855008169112680       0.13939326926183018     
          38 -0.14646282920259707       0.13758108638703317     
          39 -0.14412286127828433       0.13581089341036745     
          40 -0.14206289531355276       0.13408476361143440     
          41 -0.14048977397407045       0.13240744682204936     
          42 -0.13910534274020367       0.13078520686452358     
          43 -0.13777714376639991       0.12922465974483044     
          44 -0.13659546294310299       0.12773172516297929     
          45 -0.13570761163122269       0.12631084194916162     
          46 -0.13532788097268270       0.12496456225871351     
          47 -0.13467567048305590       0.12369352964890888     
          48 -0.13416843771944756       0.12249673029681706     
          49 -0.13339355334837194       0.12137175457838781     
          50 -0.13353541295412355       0.12031487149961202     
          51 -0.13309601068267041       0.11932130868277135     
          52 -0.13295856666055508       0.11838592406476081     
          53 -0.13308278847987273       0.11750380630020311     
          54 -0.13293084388189624       0.11667052533126340     
          55 -0.13299578454282912       0.11588218168221376     
          56 -0.13344806230114134       0.11513539926332327     
          57 -0.13339737670798640       0.11442728894339940     
          58 -0.13327448596942940       0.11375538844955044     
          59 -0.13315485497779925       0.11311760837342458     
          60 -0.13306427437606916       0.11251221891769167     
          61 -0.13366522579052634       0.11193788547780273     
          62 -0.13374884609653737       0.11139377074695790     
          63 -0.13379404404248132       0.11087870913331296     
          64 -0.13380240821689349       0.11039048955004500     
          65 -0.13403640946755271       0.10992729779253457     
          66 -0.13431055740996314       0.10948772300848647     
          67 -0.13490438772534200       0.10907049627752635     
          68 -0.13576665549319694       0.10867437464318508     
          69 -0.13686221092749212       0.10829807274766567     
          70 -0.13840561513024505       0.10794021050847247     
          71 -0.14047084349101283       0.10759926579713126     
          72 -0.14340394529418019       0.10727352708533350     
          73 -0.14676621379947169       0.10696104387834765     
          74 -0.15202771561002074       0.10665957511537821     
          75 -0.15619414503502999       0.10636653877002165     
          76 -0.15951579066800564       0.10607897058809466     
          77 -0.16324181371591256       0.10579350718968379     
          78 -0.16397957324901105       0.10550641934474453     
          79 -0.16536166836849767       0.10521373528991664     
          80 -0.16205724628269652       0.10491151179450393     
          81 -0.15975211299896502       0.10459633235432532     
          82 -0.15196080815917232       0.10426612086053785     
          83 -0.14483967995154476       0.10392129081577750     
          84 -0.13777891526380906       0.10356601090392052     
          85 -0.13295969159301532       0.10320890727363782     
          86 -0.12884349704564307       0.10286195098164543     
          87 -0.12479666317630182       0.10253630072209789     
          88 -0.12190657338257210       0.10223585614183892     
          89 -0.12013654418020413       0.10195289585154362     
          90 -0.11663817037346595       0.10167073184965564     
          91 -0.11310587734986856       0.10137227294628154     
          92 -0.11049249642904616       0.10104755066971771     
          93 -0.10877319988223641       0.10069562025102416     
          94 -0.10783542230192195       0.10032217725828572     
          95 -0.10756605737502356        9.9936187763194045E-002
          96 -0.10777416151438229        9.9547332490954793E-002
          97 -0.10831814338768025        9.9164525831150360E-002
          98 -0.10923078640658097        9.8795212022064038E-002
          99 -0.11027038761874806        9.8445112429705925E-002
         100 -0.11163599630244828        9.8118203042854776E-002
