           1  -3.9848492473305375       0.92020139700917580     
           2  -2.3338250076459186       0.81205066621911526     
           3  -1.5958859578790816       0.73155201192227171     
           4  -1.8059758167984319       0.72888721530405598     
           5  -2.0665371998236099       0.72626543019313472     
           6  -2.3562047344152202       0.72422937668801590     
           7  -2.7128794287163043       0.72265429860428232     
           8  -3.3635786004200772       0.72142178182378747     
           9  -3.2790432977989465       0.72043366334322989     
          10  -3.1425185090056749       0.71960859434990043     
          11  -2.9874157309397367       0.71887594744514327     
          12  -2.8291048931174720       0.71816926571634321     
          13  -2.6719930420896492       0.71741973167249196     
          14  -2.5170400094102363       0.71654928757922698     
          15  -2.3641365891014670       0.71546240963075558     
          16  -2.2125886366180252       0.71403437421512428     
          17  -2.0612884992215568       0.71209081392400797     
          18  -1.9085637464219201       0.70936538432444518     
          19  -1.7517059770083703       0.70540223781360833     
          20  -1.5868015498595001       0.69932018571741972     
          21  -1.4075433591586379       0.68922837623971955     
          22  -1.2076272706306759       0.67073173118197138     
          23 -0.98729385234717459       0.63264825951721626     
          24 -0.71061546796489594       0.52766736774665401     
          25 -0.13872435385637416       0.32928996530519383     
          26 -0.11294463470792003       0.28638327738082398     
          27 -0.11608518446284806       0.24195773687339783     
          28 -0.13476292326427444       0.18742733886178045     
          29 -0.16686147618923894       0.15763954684691522     
          30 -0.19289071749756120       0.15510498382199339     
          31 -0.20308663625728274       0.15416989484805141     
          32 -0.20931972312691258       0.15284667957572143     
          33 -0.21990583194456909       0.15145152104327270     
          34 -0.22328109003928165       0.15006048621144116     
          35 -0.22792128045553206       0.14868692286862620     
          36 -0.23203160586112773       0.14733197826599337     
          37 -0.23177288770667784       0.14599424918619289     
          38 -0.22875530355778234       0.14467192257022124     
          39 -0.22301826074579398       0.14336331283413822     
          40 -0.21904654093972595       0.14206695188973473     
          41 -0.21396276401379727       0.14078153084275305     
          42 -0.20761237534137394       0.13950579622743262     
          43 -0.20235698055697071       0.13823844323133330     
          44 -0.19770108423702812       0.13697802395771244     
          45 -0.19332984697913960       0.13572287590734516     
          46 -0.18949206403140348       0.13447106716417714     
          47 -0.18612628570393849       0.13322034802339802     
          48 -0.18236851767593493       0.13196809366285139     
          49 -0.17881081633266643       0.13071121926944057     
          50 -0.17558912200617682       0.12944604822301745     
          51 -0.17225235905375086       0.12816811548078272     
          52 -0.16898816300039310       0.12687189093509713     
          53 -0.16626725582408358       0.12555040820073418     
          54 -0.16322920960727746       0.12419478037354864     
          55 -0.15992002728695082       0.12279358187399672     
          56 -0.15584325041435110       0.12133209023951613     
          57 -0.15109594547149205       0.11979139716589350     
          58 -0.14550526954791129       0.11814735823340645     
          59 -0.13889768910362443       0.11636935156923570     
          60 -0.13248689386518342       0.11441935874691028     
          61 -0.12586430377169860       0.11225351420633788     
          62 -0.11904498661584582       0.10983058153449096     
          63 -0.11157352048476152       0.10713338655803065     
          64 -0.10391305343424591       0.10420893060054470     
          65  -9.6570705370647422E-002  0.10120561402241471     
          66  -9.0374079475377025E-002   9.8415839653003712E-002
          67  -8.6175767398203776E-002   9.6364124178338215E-002
          68  -8.4543093041732270E-002   9.5029168915984591E-002
          69  -8.5435574814534260E-002   9.3929548563701087E-002
          70  -8.7978037938217304E-002   9.2962711353992866E-002
          71  -9.1559090971227178E-002   9.2189626491337801E-002
          72  -9.5636829591240091E-002   9.1617331553561679E-002
          73  -9.9957729800685860E-002   9.1211687037114270E-002
          74 -0.10435377280100565        9.0928622347967253E-002
          75 -0.10825983537093244        9.0728287162390037E-002
          76 -0.11152268315386370        9.0579508251593624E-002
          77 -0.11412937337767749        9.0459806914959626E-002
          78 -0.11602144042089424        9.0353872039258848E-002
          79 -0.11805624631457626        9.0251769148903635E-002
          80 -0.11978490877404196        9.0147358384462944E-002
          81 -0.12099636417419889        9.0037052152280334E-002
          82 -0.12246432359225454        8.9918906005348853E-002
          83 -0.12379490747472419        8.9791986819736644E-002
          84 -0.12560852103123216        8.9655952113967347E-002
          85 -0.12645074135042966        8.9510780994252040E-002
          86 -0.12684364807696416        8.9356609394420777E-002
          87 -0.12773658887503531        8.9193634611919301E-002
          88 -0.12830003133311477        8.9022064485213451E-002
          89 -0.12840562479243484        8.8842094437598398E-002
          90 -0.12868393263406333        8.8653901267072663E-002
          91 -0.12911095379688875        8.8457646454296379E-002
          92 -0.12915294811405906        8.8253484355238249E-002
          93 -0.12915993630047626        8.8041572328816459E-002
          94 -0.12916565021699564        8.7822080917401360E-002
          95 -0.12927278506722195        8.7595202863419028E-002
          96 -0.12977259675553454        8.7361160159310780E-002
          97 -0.12978623031275513        8.7120208594871115E-002
          98 -0.12941123562910786        8.6872639455771949E-002
          99 -0.12919374305348069        8.6618778185806641E-002
         100 -0.12911124074605329        8.6358979979612574E-002
